2   -2.90712  -3.02641
2   -2.07683  -2.31326
2   -2.04521  -2.30932
2   -1.86042  -2.11007
2   -1.74307  -1.81705
2   -1.7283  -1.69999
2   -1.51484  -1.62301
2   -1.37182  -1.53529
2   -1.28122  -1.39262
2   -1.18223  -1.39096
2   -1.11147  -1.34102
2   -1.10645  -1.11309
2   -1.05475  -1.07814
2   -0.804027  -1.07243
2   -0.803759  -0.88566
2   -0.789699  -0.853995
2   -0.721566  -0.836041
2   -0.64768  -0.812014
2   -0.618716  -0.780834
2   -0.550825  -0.721602
2   -0.5046  -0.564753
2   -0.504205  -0.478789
2   -0.400654  -0.444821
2   -0.380192  -0.378138
2   -0.328284  -0.346576
2   -0.304285  -0.262693
2   -0.220359  -0.165862
2   -0.164375  -0.151927
2   -0.125069  -0.104335
2   -0.106973  -0.0474408
2   -0.0952082  -0.00715247
2   -0.0806008  0.0131361
2   -0.0724747  0.0904048
2   -0.04913  0.0999275
2   0.0487098  0.134383
2   0.146003  0.148264
2   0.281038  0.175242
2   0.285686  0.188875
2   0.318548  0.325249
2   0.325115  0.41036
2   0.344509  0.499784
2   0.374982  0.525019
2   0.421393  0.535516
2   0.484653  0.765224
2   0.514295  0.804152
2   0.679  0.811125
2   0.710772  0.819078
2   0.841789  0.865617
2   0.956891  0.98957
2   0.973877  1.10433
2   1.06418  1.15193
2   1.13141  1.20044
2   1.26403  1.32654
2   1.32401  1.34401
2   1.39404  1.43784
2   1.42628  1.46518
2   1.46518  1.47076
2   1.53482  1.53482
2   1.63143  1.7216
2   1.7369  1.79607
2   1.80044  1.854
2   1.82555  1.92823
2   1.94583  2.05551
2   2.00504  2.0731
