0 -1.18307383715 -1.18969262079 
1 -1.01358776739 -1.01604444312 
2 -0.578359730767 -0.689692620786 
3 -0.408873661013 -0.516044443119 
4 -0.38710009271 -0.423648177667 
5 -0.387100083424 -0.25 
6 -0.217614022956 -0.25 
7 -0.21761401367 -0.0763518223331 
8 0.21761401367 0.0763518223331 
9 0.217614022956 0.25 
10 0.387100083424 0.25 
11 0.38710009271 0.423648177667 
12 0.408873661013 0.516044443119 
13 0.578359730767 0.689692620786 
14 1.01358776739 1.01604444312 
15 1.18307383715 1.18969262079 
