0 -1.11803398875 -1.22974393093 
1 -0.838525491562 -1.1836097512 
2 -0.838525491562 -1.0929124359 
3 -0.838525491562 -1.04677825616 
4 -0.838525491562 -1.00687475304 
5 -0.838525491562 -0.960740573313 
6 -0.838525491562 -0.928426612743 
7 -0.838525491562 -0.882292433011 
8 -0.838525491562 -0.870043258008 
9 -0.559016994375 -0.860239472322 
10 -0.559016994375 -0.823909078276 
11 -0.559016994375 -0.81410529259 
12 -0.559016994375 -0.804635363068 
13 -0.559016994375 -0.791595117707 
14 -0.559016994375 -0.76350781623 
15 -0.559016994375 -0.758501183336 
16 -0.559016994375 -0.745460937975 
17 -0.559016994375 -0.73825738109 
18 -0.559016994375 -0.723407977286 
19 -0.559016994375 -0.717373636499 
20 -0.559016994375 -0.705557434855 
21 -0.559016994375 -0.692123201359 
22 -0.559016994375 -0.677273797554 
23 -0.559016994375 -0.667803868032 
24 -0.559016994375 -0.659423255123 
25 -0.559016994375 -0.637370294434 
26 -0.559016994375 -0.626676321194 
27 -0.559016994375 -0.6216696883 
28 -0.559016994375 -0.601425886054 
29 -0.559016994375 -0.591236114702 
30 -0.559016994375 -0.581766185179 
31 -0.559016994375 -0.580542141463 
32 -0.559016994375 -0.568725939818 
33 -0.559016994375 -0.558922154132 
34 -0.559016994375 -0.555291706323 
35 -0.559016994375 -0.540638638342 
36 -0.559016994375 -0.535632005448 
37 -0.279508497187 -0.522591760087 
38 -0.279508497187 -0.515388203202 
39 -0.279508497187 -0.512787974401 
40 -0.279508497187 -0.503318044878 
41 -0.279508497187 -0.500538799398 
42 -0.279508497187 -0.49450445861 
43 -0.279508497187 -0.469254023471 
44 -0.279508497187 -0.462190498041 
45 -0.279508497187 -0.457183865146 
46 -0.279508497187 -0.454404619666 
47 -0.279508497187 -0.444934690143 
48 -0.279508497187 -0.436940062901 
49 -0.279508497187 -0.435130904457 
50 -0.279508497187 -0.422090659096 
51 -0.279508497187 -0.416056318309 
52 -0.279508497187 -0.403807143306 
53 -0.279508497187 -0.398800510412 
54 -0.279508497187 -0.39400335762 
55 -0.279508497187 -0.390805883169 
56 -0.279508497187 -0.388996724726 
57 -0.279508497187 -0.378556708166 
58 -0.279508497187 -0.375956479365 
59 -0.279508497187 -0.36875292248 
60 -0.279508497187 -0.366486549842 
61 -0.279508497187 -0.357672963574 
62 -0.279508497187 -0.347869177888 
63 -0.279508497187 -0.338399248365 
64 -0.279508497187 -0.336052976244 
65 -0.279508497187 -0.332422528435 
66 -0.279508497187 -0.325359003005 
67 -0.279508497187 -0.322618742748 
68 -0.279508497187 -0.32035237011 
69 -0.279508497187 -0.313148813226 
70 -0.279508497187 -0.300108567865 
71 -0.279508497187 -0.298299409421 
72 -0.279508497187 -0.292265068634 
73 -0.279508497187 -0.289918796513 
74 -0.279508497187 -0.28044886699 
75 -0.279508497187 -0.279224823273 
76 -0.279508497187 -0.272021266388 
77 -0.279508497187 -0.267014633494 
78 -0.279508497187 -0.257171862584 
79 -0.279508497187 -0.253974388133 
80 -0.279508497187 -0.25216522969 
81 -0.279508497187 -0.239321320152 
82 -0.279508497187 -0.234314687258 
83 -0.279508497187 -0.231921427444 
84 -0.279508497187 -0.225887086657 
85 -0.279508497187 -0.214070885013 
86 -0.279508497187 -0.212261726569 
87 -0.279508497187 -0.211037682852 
88 -0.279508497187 -0.201567753329 
89 -0.279508497187 -0.199221481208 
90 -0.279508497187 -0.193187140421 
91 -0.279508497187 -0.185787247712 
92 -0.279508497187 -0.17631731819 
93 -1.15845168978e-16 -0.171134179732 
94 -9.79178972627e-17 -0.167936705281 
95 -6.37926899152e-17 -0.166127546837 
96 -6.20633538312e-17 -0.155433573598 
97 -6.20633538312e-17 -0.153087301477 
98 -6.20633538312e-17 -0.145883744592 
99 -6.20633538312e-17 -0.143617371954 
100 -3.75838795155e-17 -0.135189771352 
101 -3.75838795155e-17 -0.133813586268 
102 -3.75838795155e-17 -0.130183138458 
103 -3.75838795155e-17 -0.125 
104 -3.75838795155e-17 -0.115530070477 
105 -3.75838795155e-17 -0.102489825116 
106 -3.75838795155e-17 -0.0997495648602 
107 -3.75838795155e-17 -0.097483192222 
108 -3.75838795155e-17 -0.0926860394303 
109 -3.75838795155e-17 -0.0902796353374 
110 -3.75838795155e-17 -0.0890555916206 
111 -3.75838795155e-17 -0.087679406536 
112 -3.75838795155e-17 -0.0772393899765 
113 -3.75838795155e-17 -0.075430231533 
114 -3.75838795155e-17 -0.0693958907455 
115 -3.75838795155e-17 -0.0674356042905 
116 -3.75838795155e-17 -0.0563556453847 
117 -3.75838795155e-17 -0.0491520885 
118 -3.75838795155e-17 -0.0465518596986 
119 -3.75838795155e-17 -0.0441454556057 
120 -3.58545434315e-17 -0.0370819301758 
121 -3.58545434315e-17 -0.0343026846956 
122 -3.58545434315e-17 -0.0311052102449 
123 -3.58545434315e-17 -0.0292960518013 
124 -2.62088103997e-17 -0.0213014245589 
125 -1.79272717157e-17 -0.011831495036 
126 -1.79272717157e-17 -0.00905224955584 
127 -1.79272717157e-17 -0.00301790876838 
128 -1.79272717157e-17 0.00301790876838 
129 -1.79272717157e-17 0.00905224955584 
130 -1.79272717157e-17 0.011831495036 
131 -1.79272717157e-17 0.0213014245589 
132 -1.79272717157e-17 0.0292960518013 
133 -1.31044051998e-17 0.0311052102449 
134 -6.55220259992e-18 0.0343026846956 
135 -6.55220259992e-18 0.0370819301758 
136 -6.55220259992e-18 0.0441454556057 
137 -6.55220259992e-18 0.0465518596986 
138 0.0 0.0491520885 
139 0.0 0.0563556453847 
140 0.0 0.0674356042905 
141 0.0 0.0693958907455 
142 0.0 0.075430231533 
143 0.0 0.0772393899765 
144 0.0 0.087679406536 
145 0.0 0.0890555916206 
146 0.0 0.0902796353374 
147 0.0 0.0926860394303 
148 0.0 0.097483192222 
149 0.0 0.0997495648602 
150 0.0 0.102489825116 
151 0.0 0.115530070477 
152 0.0 0.125 
153 0.0 0.130183138458 
154 1.96566077998e-17 0.133813586268 
155 1.96566077998e-17 0.135189771352 
156 1.96566077998e-17 0.143617371954 
157 1.96566077998e-17 0.145883744592 
158 3.75838795155e-17 0.153087301477 
159 3.75838795155e-17 0.155433573598 
160 3.75838795155e-17 0.166127546837 
161 3.75838795155e-17 0.167936705281 
162 6.37926899152e-17 0.171134179732 
163 0.279508497187 0.17631731819 
164 0.279508497187 0.185787247712 
165 0.279508497187 0.193187140421 
166 0.279508497187 0.199221481208 
167 0.279508497187 0.201567753329 
168 0.279508497187 0.211037682852 
169 0.279508497187 0.212261726569 
170 0.279508497187 0.214070885013 
171 0.279508497187 0.225887086657 
172 0.279508497187 0.231921427444 
173 0.279508497187 0.234314687258 
174 0.279508497187 0.239321320152 
175 0.279508497187 0.25216522969 
176 0.279508497187 0.253974388133 
177 0.279508497187 0.257171862584 
178 0.279508497187 0.267014633494 
179 0.279508497187 0.272021266388 
180 0.279508497187 0.279224823273 
181 0.279508497187 0.28044886699 
182 0.279508497187 0.289918796513 
183 0.279508497187 0.292265068634 
184 0.279508497187 0.298299409421 
185 0.279508497187 0.300108567865 
186 0.279508497187 0.313148813226 
187 0.279508497187 0.32035237011 
188 0.279508497187 0.322618742748 
189 0.279508497187 0.325359003005 
190 0.279508497187 0.332422528435 
191 0.279508497187 0.336052976244 
192 0.279508497187 0.338399248365 
193 0.279508497187 0.347869177888 
194 0.279508497187 0.357672963574 
195 0.279508497187 0.366486549842 
196 0.279508497187 0.36875292248 
197 0.279508497187 0.375956479365 
198 0.279508497187 0.378556708166 
199 0.279508497187 0.388996724726 
200 0.279508497187 0.390805883169 
201 0.279508497187 0.39400335762 
202 0.279508497187 0.398800510412 
203 0.279508497187 0.403807143306 
204 0.279508497187 0.416056318309 
205 0.279508497187 0.422090659096 
206 0.279508497187 0.435130904457 
207 0.279508497187 0.436940062901 
208 0.279508497187 0.444934690143 
209 0.279508497187 0.454404619666 
210 0.279508497187 0.457183865146 
211 0.279508497187 0.462190498041 
212 0.279508497187 0.469254023471 
213 0.279508497187 0.49450445861 
214 0.279508497187 0.500538799398 
215 0.279508497187 0.503318044878 
216 0.279508497187 0.512787974401 
217 0.279508497187 0.515388203202 
218 0.279508497187 0.522591760087 
219 0.559016994375 0.535632005448 
220 0.559016994375 0.540638638342 
221 0.559016994375 0.555291706323 
222 0.559016994375 0.558922154132 
223 0.559016994375 0.568725939818 
224 0.559016994375 0.580542141463 
225 0.559016994375 0.581766185179 
226 0.559016994375 0.591236114702 
227 0.559016994375 0.601425886054 
228 0.559016994375 0.6216696883 
229 0.559016994375 0.626676321194 
230 0.559016994375 0.637370294434 
231 0.559016994375 0.659423255123 
232 0.559016994375 0.667803868032 
233 0.559016994375 0.677273797554 
234 0.559016994375 0.692123201359 
235 0.559016994375 0.705557434855 
236 0.559016994375 0.717373636499 
237 0.559016994375 0.723407977286 
238 0.559016994375 0.73825738109 
239 0.559016994375 0.745460937975 
240 0.559016994375 0.758501183336 
241 0.559016994375 0.76350781623 
242 0.559016994375 0.791595117707 
243 0.559016994375 0.804635363068 
244 0.559016994375 0.81410529259 
245 0.559016994375 0.823909078276 
246 0.559016994375 0.860239472322 
247 0.838525491562 0.870043258008 
248 0.838525491562 0.882292433011 
249 0.838525491562 0.928426612743 
250 0.838525491562 0.960740573313 
251 0.838525491562 1.00687475304 
252 0.838525491562 1.04677825616 
253 0.838525491562 1.0929124359 
254 0.838525491562 1.1836097512 
255 1.11803398875 1.22974393093 
