0.05  0.00711557
0.1  0.0234753
0.15  0.0457539
0.2  0.0716983
0.25  0.0994288
0.3  0.127319
0.35  0.153971
0.4  0.178208
0.45  0.199073
0.5  0.215823
0.55  0.227919
0.6  0.235011
0.65  0.236934
0.7  0.233692
0.75  0.225456
0.8  0.212562
0.85  0.195509
0.9  0.174961
0.95  0.151746
1  0.126849
1.05  0.101403
1.1  0.0766752
1.15  0.0540548
1.2  0.0350538
1.25  0.0213385
1.3  0.0147001
1.35  0.016306
1.4  0.0252595
1.45  0.0393798
1.5  0.056641
1.55  0.0754029
1.6  0.0943297
1.65  0.112334
1.7  0.12855
1.75  0.142311
1.8  0.153141
1.85  0.160741
1.9  0.164972
1.95  0.165845
2  0.163507
2.05  0.158231
2.1  0.150399
2.15  0.140489
2.2  0.129059
2.25  0.116726
2.3  0.104142
2.35  0.0919648
2.4  0.0808239
2.45  0.07128
2.5  0.063778
2.55  0.0585978
2.6  0.0558129
2.65  0.0552754
2.7  0.0566409
2.75  0.0594321
2.8  0.0631162
2.85  0.0671742
2.9  0.0711502
2.95  0.0746805
3  0.0775096
3.05  0.0794946
3.1  0.0806038
3.15  0.0809101
3.2  0.0805793
3.25  0.0798537
3.3  0.0790303
3.35  0.0784338
3.4  0.0783836
3.45  0.0791592
3.5  0.0809652
3.55  0.0839044
3.6  0.0879617
3.65  0.0930036
3.7  0.0987904
3.75  0.104999
3.8  0.111249
3.85  0.117133
3.9  0.122244
3.95  0.126197
4  0.128652
4.05  0.12933
4.1  0.128032
4.15  0.124647
4.2  0.119167
4.25  0.111698
4.3  0.102467
4.35  0.091831
4.4  0.0802869
4.45  0.0684774
4.5  0.0571939
4.55  0.0473723
4.6  0.0400583
4.65  0.0363
4.7  0.0369173
4.75  0.0422278
4.8  0.0519645
4.85  0.0654433
4.9  0.0817747
4.95  0.0999962
5  0.119139
5.05  0.138265
5.1  0.156492
5.15  0.173018
5.2  0.187131
5.25  0.198229
5.3  0.205823
5.35  0.209549
5.4  0.209171
5.45  0.204592
5.5  0.195857
5.55  0.183165
5.6  0.166882
5.65  0.147553
5.7  0.125914
5.75  0.102905
5.8  0.0796845
5.85  0.0576468
5.9  0.0384607
5.95  0.0241428
6  0.0170753
6.05  0.0191897
6.1  0.0301464
6.15  0.0479029
6.2  0.070342
6.25  0.0956166
6.3  0.122101
6.35  0.148359
6.4  0.173132
6.45  0.195348
6.5  0.214116
6.55  0.228734
6.6  0.238676
6.65  0.243592
6.7  0.243299
6.75  0.237783
6.8  0.227194
6.85  0.211856
6.9  0.192269
6.95  0.169119
7  0.143286
7.05  0.115838
7.1  0.0880332
7.15  0.0613099
7.2  0.0372865
7.25  0.0177978
7.3  0.00510104
7.35  0.00277332
7.4  0.0119363
7.45  0.0283815
7.5  0.0493215
7.55  0.0727418
7.6  0.0969825
7.65  0.120644
7.7  0.142559
7.75  0.161784
7.8  0.177587
7.85  0.189439
7.9  0.197006
7.95  0.20013
8  0.198826
8.05  0.193267
8.1  0.18378
8.15  0.170834
8.2  0.155037
8.25  0.137124
8.3  0.117936
8.35  0.0984105
8.4  0.0795466
8.45  0.0623809
8.5  0.0479473
8.55  0.0372167
8.6  0.0309733
8.65  0.0295761
8.7  0.0327167
8.75  0.0394787
8.8  0.0486871
8.85  0.0592016
8.9  0.070038
8.95  0.080397
9  0.0896645
9.05  0.0974036
9.1  0.103344
9.15  0.107371
9.2  0.109509
9.25  0.109909
9.3  0.108829
9.35  0.106608
9.4  0.103644
9.45  0.100362
9.5  0.097178
9.55  0.0944636
9.6  0.0925087
9.65  0.0914915
9.7  0.0914597
9.75  0.0923279
9.8  0.0938912
9.85  0.0958529
9.9  0.0978604
9.95  0.0995426
10  0.100546
10.05  0.100563
10.1  0.0993612
10.15  0.0967963
10.2  0.0928306
10.25  0.0875418
10.3  0.0811288
10.35  0.0739155
10.4  0.0663488
10.45  0.0589911
10.5  0.0525017
10.55  0.0475969
10.6  0.0449761
10.65  0.0452081
10.7  0.0486074
10.75  0.0551669
10.8  0.0645817
10.85  0.0763336
10.9  0.0897786
10.95  0.104214
11  0.118926
11.05  0.133219
11.1  0.146445
11.15  0.15802
11.2  0.167438
11.25  0.17428
11.3  0.178228
11.35  0.179065
11.4  0.176686
11.45  0.171101
11.5  0.162441
11.55  0.150969
11.6  0.137083
11.65  0.121323
11.7  0.104384
11.75  0.0871186
11.8  0.0705434
11.85  0.0558429
11.9  0.0443499
11.95  0.0374485
12  0.0362805
12.05  0.0412825
12.1  0.0519918
12.15  0.0673546
12.2  0.0861156
12.25  0.107017
12.3  0.128867
12.35  0.150571
12.4  0.17114
12.45  0.189707
12.5  0.205534
12.55  0.218013
12.6  0.22667
12.65  0.231168
12.7  0.231303
12.75  0.227009
12.8  0.218359
12.85  0.205575
12.9  0.189035
12.95  0.16928
13  0.147027
13.05  0.123175
13.1  0.0988109
13.15  0.0752166
13.2  0.0538802
13.25  0.0365224
13.3  0.0251078
13.35  0.0215719
13.4  0.0266967
13.45  0.0393148
13.5  0.0573885
13.55  0.0789634
13.6  0.102338
13.65  0.126037
13.7  0.148793
13.75  0.169532
13.8  0.187374
13.85  0.201624
13.9  0.21177
13.95  0.21747
14  0.218553
14.05  0.215006
14.1  0.206974
14.15  0.19476
14.2  0.178823
14.25  0.159775
14.3  0.138384
14.35  0.11556
14.4  0.0923486
14.45  0.0699128
14.5  0.0495203
14.55  0.0325394
14.6  0.0204506
14.65  0.0147737
14.7  0.0163794
14.75  0.0244143
14.8  0.0369812
14.85  0.0522785
14.9  0.0688217
14.95  0.0853958
15  0.101014
15.05  0.114897
15.1  0.126459
15.15  0.135301
15.2  0.141197
15.25  0.144086
15.3  0.144055
15.35  0.141332
15.4  0.136266
15.45  0.12931
15.5  0.121
15.55  0.111927
15.6  0.102703
15.65  0.0939272
15.7  0.086133
15.75  0.0797467
15.8  0.0750401
15.85  0.0720982
15.9  0.0708112
15.95  0.070896
16  0.0719441
16.05  0.0734846
16.1  0.0750461
16.15  0.0762089
16.2  0.0766442
16.25  0.0761406
16.3  0.0746199
16.35  0.0721451
16.4  0.0689206
16.45  0.065284
16.5  0.0616885
16.55  0.0586713
16.6  0.0568028
16.65  0.0566161
16.7  0.0585234
16.75  0.0627417
16.8  0.0692543
16.85  0.0778176
16.9  0.0880038
16.95  0.0992572
17  0.110949
17.05  0.122427
17.1  0.133051
17.15  0.142228
17.2  0.149437
17.25  0.154245
17.3  0.156325
17.35  0.155465
17.4  0.15158
17.45  0.14472
17.5  0.135072
17.55  0.122974
17.6  0.108916
17.65  0.0935444
17.7  0.0776689
17.75  0.0622644
17.8  0.048474
17.85  0.0375965
17.9  0.0310067
17.95  0.0298702
18  0.034646
18.05  0.0448695
18.1  0.0595015
18.15  0.0773348
18.2  0.0971781
18.25  0.117914
18.3  0.13852
18.35  0.15808
18.4  0.175797
18.45  0.190998
18.5  0.203136
18.55  0.211794
18.6  0.216684
18.65  0.217644
18.7  0.214636
18.75  0.207752
18.8  0.197212
18.85  0.183373
18.9  0.166728
18.95  0.147916
19  0.127723
19.05  0.107087
19.1  0.0870973
19.15  0.068991
19.2  0.0541362
19.25  0.0439597
19.3  0.0397197
19.35  0.0420602
19.4  0.050664
19.45  0.0644436
19.5  0.0820078
19.55  0.101961
19.6  0.12301
19.65  0.144001
19.7  0.163918
19.75  0.181897
19.8  0.197218
19.85  0.209307
19.9  0.217732
19.95  0.222201
20  0.222554
20.05  0.218764
20.1  0.210939
20.15  0.199318
20.2  0.18428
20.25  0.166343
20.3  0.146168
20.35  0.124558
20.4  0.102456
20.45  0.0809366
20.5  0.0612041
20.55  0.0445803
20.6  0.0324809
20.65  0.0262712
20.7  0.026779
20.75  0.0336688
20.8  0.0456144
20.85  0.061018
20.9  0.0783951
20.95  0.0964519
21  0.114084
21.05  0.130368
21.1  0.144556
21.15  0.156069
21.2  0.164492
21.25  0.16957
21.3  0.171197
21.35  0.169415
21.4  0.1644
21.45  0.156461
21.5  0.146026
21.55  0.133635
21.6  0.119919
21.65  0.105587
21.7  0.0913938
21.75  0.0781098
21.8  0.0664766
21.85  0.0571497
21.9  0.0506242
21.95  0.0471485
22  0.0466555
22.05  0.0487606
22.1  0.0528445
22.15  0.0581821
22.2  0.0640564
22.25  0.0698344
22.3  0.0750082
22.35  0.0792142
22.4  0.0822403
22.45  0.0840244
22.5  0.0846472
22.55  0.0843183
22.6  0.0833561
22.65  0.0821589
22.7  0.0811665
22.75  0.0808131
22.8  0.0814738
22.85  0.0834123
22.9  0.0867399
22.95  0.0913954
23  0.0971499
23.05  0.103633
23.1  0.110371
23.15  0.116836
23.2  0.122485
23.25  0.126802
23.3  0.129329
23.35  0.129695
23.4  0.127636
23.45  0.123017
23.5  0.115843
23.55  0.106274
23.6  0.0946361
23.65  0.0814298
23.7  0.0673414
23.75  0.053251
23.8  0.0402456
23.85  0.0296318
23.9  0.0229058
23.95  0.0214996
24  0.0261248
24.05  0.0363773
24.1  0.0511884
24.15  0.0693273
24.2  0.0895764
24.25  0.110774
24.3  0.131836
24.35  0.151772
24.4  0.169709
24.45  0.1849
24.5  0.196736
24.55  0.204753
24.6  0.208633
24.65  0.208207
24.7  0.203456
24.75  0.194516
24.8  0.181682
24.85  0.165413
24.9  0.146342
24.95  0.125278
25  0.103213
25.05  0.0813233
25.1  0.0609786
25.15  0.0437529
25.2  0.0314221
25.25  0.0257974
25.3  0.0280239
25.35  0.0377204
25.4  0.0533481
25.45  0.0731339
25.5  0.095445
25.55  0.11884
25.6  0.142059
25.65  0.164021
25.7  0.183816
25.75  0.200707
25.8  0.214119
25.85  0.223635
25.9  0.228988
25.95  0.230054
26  0.226844
26.05  0.219504
26.1  0.208311
26.15  0.193676
26.2  0.176143
26.25  0.15639
26.3  0.135227
26.35  0.113595
26.4  0.0925542
26.45  0.0732755
26.5  0.0570208
26.55  0.0450886
26.6  0.0386546
26.65  0.038419
26.7  0.044225
26.75  0.0551045
26.8  0.0697119
26.85  0.0866782
26.9  0.104753
26.95  0.12284
27  0.140002
27.05  0.155459
27.1  0.168581
27.15  0.178884
27.2  0.186026
27.25  0.189795
27.3  0.190108
27.35  0.187005
27.4  0.180642
27.45  0.171292
27.5  0.159334
27.55  0.145257
27.6  0.129644
27.65  0.113167
27.7  0.0965713
27.75  0.0806571
27.8  0.0662529
27.85  0.0541793
27.9  0.0451881
27.95  0.0398587
28  0.0384496
28.05  0.0407774
28.1  0.0462431
28.15  0.0540054
28.2  0.0631661
28.25  0.0728854
28.3  0.0824342
28.35  0.0912142
28.4  0.0987652
28.45  0.104765
28.5  0.109027
28.55  0.111494
28.6  0.112231
28.65  0.111411
28.7  0.109305
28.75  0.106257
28.8  0.102665
28.85  0.0989462
28.9  0.095505
28.95  0.0926925
29  0.0907694
29.05  0.089875
29.1  0.0900082
29.15  0.0910278
29.2  0.0926702
29.25  0.0945811
29.3  0.0963563
29.35  0.0975831
29.4  0.0978789
29.45  0.0969253
29.5  0.094496
29.55  0.0904797
29.6  0.0848988
29.65  0.0779234
29.7  0.0698832
29.75  0.061275
29.8  0.0527645
29.85  0.0451774
29.9  0.0394621
29.95  0.0365902
30  0.0373638
30.05  0.0421858
30.1  0.0509569
30.15  0.0631653
30.2  0.0780481
30.25  0.0947168
30.3  0.112236
30.35  0.129673
30.4  0.146139
30.45  0.160814
30.5  0.172976
30.55  0.182015
30.6  0.18745
30.65  0.188937
30.7  0.186281
30.75  0.179441
30.8  0.168545
30.85  0.153894
30.9  0.135977
30.95  0.115481
31  0.0933019
31.05  0.0705492
31.1  0.0485629
31.15  0.028943
31.2  0.0136507
31.25  0.00536274
31.3  0.00736905
31.35  0.0190373
31.4  0.037407
31.45  0.0602965
31.5  0.0859333
31.55  0.112755
31.6  0.139367
31.65  0.164543
31.7  0.187233
31.75  0.206568
31.8  0.221861
31.85  0.232604
31.9  0.238464
31.95  0.239272
32  0.235024
32.05  0.225881
32.1  0.212167
32.15  0.194375
32.2  0.173177
32.25  0.149423
32.3  0.124149
32.35  0.0985699
32.4  0.0740838
32.45  0.0522754
32.5  0.034937
32.55  0.0240659
32.6  0.0214998
32.65  0.0276698
32.7  0.0410636
32.75  0.0595203
32.8  0.0810796
32.85  0.104081
32.9  0.12712
32.95  0.149023
33  0.168824
33.05  0.185756
33.1  0.199238
33.15  0.208865
33.2  0.214394
33.25  0.215732
33.3  0.212929
33.35  0.206171
33.4  0.19577
33.45  0.182165
33.5  0.16591
33.55  0.147674
33.6  0.128229
33.65  0.108436
33.7  0.0892292
33.75  0.0715986
33.8  0.0565565
33.85  0.0450893
33.9  0.0380481
33.95  0.0359385
34  0.0386767
34.05  0.0455625
34.1  0.0555398
34.15  0.0674866
34.2  0.0803681
34.25  0.0932885
34.3  0.105501
34.35  0.116408
34.4  0.125551
34.45  0.132608
34.5  0.137385
34.55  0.139807
34.6  0.139908
34.65  0.137828
34.7  0.133794
34.75  0.128119
34.8  0.121177
34.85  0.113397
34.9  0.105235
34.95  0.0971559
35  0.0896034
35.05  0.0829685
35.1  0.0775576
35.15  0.0735628
35.2  0.0710409
35.25  0.0699078
35.3  0.0699523
35.35  0.0708674
35.4  0.0722918
35.45  0.0738538
35.5  0.0752094
35.55  0.0760746
35.6  0.0762483
35.65  0.0756287
35.7  0.0742231
35.75  0.0721517
35.8  0.0696457
35.85  0.0670368
35.9  0.0647368
35.95  0.0632047
36  0.0628977
36.05  0.0642109
36.1  0.0674159
36.15  0.0726127
36.2  0.0797107
36.25  0.088439
36.3  0.0983781
36.35  0.109002
36.4  0.11972
36.45  0.129918
36.5  0.13899
36.55  0.146372
36.6  0.151561
36.65  0.154144
36.7  0.153808
36.75  0.150359
36.8  0.143739
36.85  0.134035
36.9  0.121494
36.95  0.106539
37  0.0897759
37.05  0.0720142
37.1  0.0542786
37.15  0.037838
37.2  0.0242589
37.25  0.015489
37.3  0.0136759
37.35  0.0198134
37.4  0.0328687
37.45  0.0511478
37.5  0.0730576
37.55  0.0971397
37.6  0.122042
37.65  0.146521
37.7  0.169455
37.75  0.189859
37.8  0.206901
37.85  0.219907
37.9  0.228364
37.95  0.231922
38  0.230394
38.05  0.22376
38.1  0.21217
38.15  0.195957
38.2  0.175643
38.25  0.151955
38.3  0.125834
38.35  0.0984396
38.4  0.0711568
38.45  0.0456016
38.5  0.0236526
38.55  0.00758309
38.6  0.000844255
38.65  0.00771004
38.7  0.0239452
38.75  0.0461608
38.8  0.0721068
38.85  0.0999101
38.9  0.127948
38.95  0.154819
39  0.179341
39.05  0.200549
39.1  0.217687
39.15  0.230202
39.2  0.237731
39.25  0.240092
39.3  0.237273
39.35  0.229425
39.4  0.216867
39.45  0.200078
39.5  0.179706
39.55  0.156562
39.6  0.13162
39.65  0.106009
39.7  0.0809991
39.75  0.0579953
39.8  0.038536
39.85  0.0243175
39.9  0.0171465
39.95  0.0182489
40  0.0269275
40.05  0.0411064
40.1  0.0587327
40.15  0.0781106
40.2  0.0978486
40.25  0.116805
40.3  0.13406
40.35  0.148897
40.4  0.160788
40.45  0.169382
40.5  0.174491
40.55  0.176076
40.6  0.174238
40.65  0.169204
40.7  0.161318
40.75  0.151025
40.8  0.138862
40.85  0.12544
40.9  0.111423
40.95  0.0975074
41  0.0843905
41.05  0.0727363
41.1  0.0631315
41.15  0.0560307
41.2  0.0516941
41.25  0.0501344
41.3  0.0511034
41.35  0.0541379
41.4  0.0586506
41.45  0.0640244
41.5  0.069684
41.55  0.0751381
41.6  0.0800011
41.65  0.0840015
41.7  0.0869823
41.75  0.0888968
41.8  0.0897998
41.85  0.0898365
41.9  0.0892267
41.95  0.0882458
42  0.0872004
42.05  0.0864013
42.1  0.0861323
42.15  0.0866195
42.2  0.0880041
42.25  0.0903245
42.3  0.0935082
42.35  0.0973788
42.4  0.101672
42.45  0.106059
42.5  0.110177
42.55  0.113651
42.6  0.116126
42.65  0.117286
42.7  0.116874
42.75  0.114711
42.8  0.110711
42.85  0.104891
42.9  0.0973865
42.95  0.08846
43  0.0785102
43.05  0.0680794
43.1  0.0578588
43.15  0.0486846
43.2  0.0415132
43.25  0.0373405
43.3  0.0370221
43.35  0.0410265
43.4  0.0492956
43.45  0.0613269
43.5  0.0763561
43.55  0.0934976
43.6  0.111825
43.65  0.130418
43.7  0.148392
43.75  0.164926
43.8  0.179283
43.85  0.190822
43.9  0.199015
43.95  0.203454
44  0.203861
44.05  0.200095
44.1  0.192157
44.15  0.180207
44.2  0.164573
44.25  0.145761
44.3  0.124474
44.35  0.101621
44.4  0.0783299
44.45  0.0559701
44.5  0.0361874
44.55  0.0209984
44.6  0.0129354
44.65  0.0144137
44.7  0.0252449
44.75  0.0431416
44.8  0.0658809
44.85  0.0915854
44.9  0.118609
44.95  0.14549
45  0.170945
45.05  0.19387
45.1  0.213348
45.15  0.228649
45.2  0.239223
45.25  0.244698
45.3  0.244873
45.35  0.239716
45.4  0.229366
45.45  0.214133
45.5  0.194512
45.55  0.17119
45.6  0.145048
45.65  0.11717
45.7  0.0888371
45.75  0.061523
45.8  0.0368928
45.85  0.0168387
45.9  0.00367432
45.95  0.0014598
46  0.0115628
46.05  0.0290083
46.1  0.051049
46.15  0.0756483
46.2  0.101108
46.25  0.125987
46.3  0.149079
46.35  0.169403
46.4  0.186195
46.45  0.198895
46.5  0.207142
46.55  0.210754
46.6  0.209723
46.65  0.204201
46.7  0.194495
46.75  0.181063
46.8  0.164504
46.85  0.145552
46.9  0.125063
46.95  0.103999
47  0.083405
47.05  0.0643845
47.1  0.048071
47.15  0.0355849
47.2  0.0279333
47.25  0.025743
47.3  0.0288595
47.35  0.0362989
47.4  0.0467108
47.45  0.0587878
47.5  0.0714096
47.55  0.0836618
47.6  0.0948281
47.65  0.104377
47.7  0.111949
47.75  0.117346
47.8  0.120516
47.85  0.121541
47.9  0.120617
47.95  0.118039
48  0.11418
48.05  0.109466
48.1  0.104345
48.15  0.0992603
48.2  0.0946144
48.25  0.0907338
48.3  0.08784
48.35  0.0860283
48.4  0.085261
48.45  0.0853773
48.5  0.0861186
48.55  0.0871626
48.6  0.0881628
48.65  0.0887846
48.7  0.0887369
48.75  0.0877975
48.8  0.0858314
48.85  0.0828049
48.9  0.0787934
48.95  0.0739853
49  0.0686821
49.05  0.0632908
49.1  0.0583095
49.15  0.0542977
49.2  0.0518281
49.25  0.0514142
49.3  0.0534264
49.35  0.0580229
49.4  0.0651252
49.45  0.0744428
49.5  0.0855261
49.55  0.0978225
49.6  0.110725
49.65  0.123609
49.7  0.135864
49.75  0.146917
49.8  0.156251
49.85  0.163417
49.9  0.168051
49.95  0.169882
50  0.16874


