0.02  0.0014684
0.04  0.00506074
0.06  0.0102885
0.08  0.0168598
0.1  0.024545
0.12  0.0331448
0.14  0.0424792
0.16  0.0523809
0.18  0.0626935
0.2  0.0732694
0.22  0.0839699
0.24  0.0946643
0.26  0.10523
0.28  0.115554
0.3  0.125529
0.32  0.135058
0.34  0.144052
0.36  0.15243
0.38  0.16012
0.4  0.167058
0.42  0.173186
0.44  0.178458
0.46  0.182831
0.48  0.186275
0.5  0.188763
0.52  0.190279
0.54  0.190812
0.56  0.190361
0.58  0.188931
0.6  0.186535
0.62  0.183194
0.64  0.178936
0.66  0.173799
0.68  0.167828
0.7  0.161076
0.72  0.153606
0.74  0.145489
0.76  0.136804
0.78  0.12764
0.8  0.118095
0.82  0.108276
0.84  0.0982986
0.86  0.0882891
0.88  0.0783816
0.9  0.0687204
0.92  0.0594595
0.94  0.0507634
0.96  0.0428074
0.98  0.0357781
1  0.0298723
1.02  0.0252916
1.04  0.0222277
1.06  0.0208351
1.08  0.0211949
1.1  0.0232905
1.12  0.0270154
1.14  0.0322051
1.16  0.0386706
1.18  0.0462195
1.2  0.0546658
1.22  0.0638334
1.24  0.0735566
1.26  0.0836794
1.28  0.0940551
1.3  0.104546
1.32  0.115024
1.34  0.125367
1.36  0.135464
1.38  0.145211
1.4  0.154513
1.42  0.163281
1.44  0.171438
1.46  0.17891
1.48  0.185637
1.5  0.191562
1.52  0.19664
1.54  0.200831
1.56  0.204105
1.58  0.206439
1.6  0.207819
1.62  0.208237
1.64  0.207694
1.66  0.206201
1.68  0.203775
1.7  0.200441
1.72  0.196234
1.74  0.191197
1.76  0.185381
1.78  0.178846
1.8  0.171662
1.82  0.163906
1.84  0.155665
1.86  0.147035
1.88  0.13812
1.9  0.129032
1.92  0.119894
1.94  0.110834
1.96  0.101989
1.98  0.0935021
2  0.0855208
2.02  0.0781972
2.04  0.0716832
2.06  0.0661273
2.08  0.0616686
2.1  0.0584291
2.12  0.0565056
2.14  0.0559612
2.16  0.0568192
2.18  0.0590606
2.2  0.0626271
2.22  0.0674269
2.24  0.073343
2.26  0.0802418
2.28  0.0879801
2.3  0.0964107
2.32  0.105386
2.34  0.114763
2.36  0.1244
2.38  0.134163
2.4  0.143926
2.42  0.153568
2.44  0.162976
2.46  0.172047
2.48  0.180684
2.5  0.188798
2.52  0.196309
2.54  0.203148
2.56  0.209251
2.58  0.214565
2.6  0.219045
2.62  0.222654
2.64  0.225365
2.66  0.227158
2.68  0.228021
2.7  0.227952
2.72  0.226956
2.74  0.225046
2.76  0.222245
2.78  0.218581
2.8  0.214094
2.82  0.20883
2.84  0.202844
2.86  0.196198
2.88  0.188964
2.9  0.181222
2.92  0.173059
2.94  0.16457
2.96  0.155859
2.98  0.147038
3  0.138223
3.02  0.12954
3.04  0.121118
3.06  0.113091
3.08  0.105598
3.1  0.0987739
3.12  0.0927542
3.14  0.0876661
3.16  0.0836255
3.18  0.080731
3.2  0.079058
3.22  0.078654
3.24  0.0795344
3.26  0.0816815
3.28  0.0850457
3.3  0.0895488
3.32  0.0950897
3.34  0.10155
3.36  0.108799
3.38  0.116699
3.4  0.12511
3.42  0.133893
3.44  0.142912
3.46  0.152033
3.48  0.161132
3.5  0.17009
3.52  0.178794
3.54  0.187144
3.56  0.195043
3.58  0.202408
3.6  0.209161
3.62  0.215234
3.64  0.220569
3.66  0.225115
3.68  0.228831
3.7  0.231684
3.72  0.233649
3.74  0.23471
3.76  0.234858
3.78  0.234092
3.8  0.23242
3.82  0.229858
3.84  0.226429
3.86  0.222164
3.88  0.2171
3.9  0.211283
3.92  0.204769
3.94  0.197619
3.96  0.189903
3.98  0.181701
4  0.173099
4.02  0.164193
4.04  0.155085
4.06  0.145888
4.08  0.136719
4.1  0.127705
4.12  0.118978
4.14  0.110673
4.16  0.102932
4.18  0.095894
4.2  0.0896971
4.22  0.084472
4.24  0.0803369
4.26  0.0773911
4.28  0.0757084
4.3  0.0753314
4.32  0.0762677
4.34  0.0784889
4.36  0.0819329
4.38  0.0865088
4.4  0.0921033
4.42  0.0985872
4.44  0.105822
4.46  0.113664
4.48  0.121969
4.5  0.130596
4.52  0.139408
4.54  0.148274
4.56  0.15707
4.58  0.16568
4.6  0.173997
4.62  0.18192
4.64  0.18936
4.66  0.196236
4.68  0.202473
4.7  0.208007
4.72  0.212783
4.74  0.216753
4.76  0.219877
4.78  0.222124
4.8  0.22347
4.82  0.2239
4.84  0.223404
4.86  0.221983
4.88  0.219642
4.9  0.216398
4.92  0.212272
4.94  0.207294
4.96  0.201503
4.98  0.194945
5  0.187675
5.02  0.179756
5.04  0.17126
5.06  0.162269
5.08  0.152871
5.1  0.143167
5.12  0.133263
5.14  0.123277
5.16  0.113332
5.18  0.103564
5.2  0.094114
5.22  0.0851295
5.24  0.0767651
5.26  0.069179
5.28  0.0625294
5.3  0.0569697
5.32  0.052641
5.34  0.0496614
5.36  0.0481152
5.38  0.0480423
5.4  0.0494332
5.42  0.0522302
5.44  0.0563345
5.46  0.0616177
5.48  0.0679325
5.5  0.0751221
5.52  0.083027
5.54  0.0914898
5.56  0.100358
5.58  0.109484
5.6  0.11873
5.62  0.127965
5.64  0.137067
5.66  0.145921
5.68  0.154423
5.7  0.162476
5.72  0.169992
5.74  0.176892
5.76  0.183105
5.78  0.188567
5.8  0.193225
5.82  0.197032
5.84  0.199948
5.86  0.201945
5.88  0.202998
5.9  0.203093
5.92  0.202222
5.94  0.200387
5.96  0.197595
5.98  0.193863
6  0.189216
6.02  0.183688
6.04  0.177319
6.06  0.170159
6.08  0.162266
6.1  0.153709
6.12  0.144561
6.14  0.134909
6.16  0.124844
6.18  0.114469
6.2  0.103894
6.22  0.0932385
6.24  0.0826285
6.26  0.0722006
6.28  0.0620997
6.3  0.0524813
6.32  0.0435094
6.34  0.03536
6.36  0.0282229
6.38  0.0223036
6.4  0.0178191
6.42  0.0149807
6.44  0.0139508
6.46  0.014787
6.48  0.017416
6.5  0.0216661
6.52  0.0273233
6.54  0.0341697
6.56  0.0419991
6.58  0.0506205
6.6  0.0598572
6.62  0.0695449
6.64  0.0795299
6.66  0.0896686
6.68  0.0998266
6.7  0.109878
6.72  0.119706
6.74  0.129201
6.76  0.138262
6.78  0.146799
6.8  0.154726
6.82  0.161968
6.84  0.168458
6.86  0.174137
6.88  0.178954
6.9  0.182867
6.92  0.185842
6.94  0.187851
6.96  0.188878
6.98  0.188911
7  0.187949
7.02  0.185998
7.04  0.183073
7.06  0.179195
7.08  0.174394
7.1  0.168711
7.12  0.162191
7.14  0.154889
7.16  0.146869
7.18  0.138203
7.2  0.12897
7.22  0.119258
7.24  0.109164
7.26  0.0987913
7.28  0.0882524
7.3  0.0776669
7.32  0.0671627
7.34  0.0568752
7.36  0.0469483
7.38  0.0375347
7.4  0.0287979
7.42  0.0209144
7.44  0.0140803
7.46  0.00852243
7.48  0.00452436
7.5  0.00246451
7.52  0.00272663
7.54  0.00527063
7.56  0.00968492
7.58  0.0156044
7.6  0.0227597
7.62  0.030933
7.64  0.0399342
7.66  0.0495904
7.68  0.0597408
7.7  0.0702342
7.72  0.0809276
7.74  0.0916861
7.76  0.102383
7.78  0.112898
7.8  0.12312
7.82  0.132946
7.84  0.14228
7.86  0.151035
7.88  0.159134
7.9  0.166505
7.92  0.173089
7.94  0.17883
7.96  0.183686
7.98  0.18762
8  0.190604
8.02  0.192618
8.04  0.193651
8.06  0.193698
8.08  0.192765
8.1  0.190863
8.12  0.188013
8.14  0.184242
8.16  0.179587
8.18  0.174091
8.2  0.167806
8.22  0.160792
8.24  0.153118
8.26  0.144859
8.28  0.136101
8.3  0.126937
8.32  0.117469
8.34  0.107808
8.36  0.0980733
8.38  0.0883933
8.4  0.0789055
8.42  0.0697567
8.44  0.0611029
8.46  0.0531093
8.48  0.0459497
8.5  0.0398044
8.52  0.0348558
8.54  0.0312779
8.56  0.0292202
8.58  0.0287847
8.6  0.030005
8.62  0.0328383
8.64  0.0371764
8.66  0.0428675
8.68  0.0497389
8.7  0.0576112
8.72  0.0663065
8.74  0.0756534
8.76  0.0854895
8.78  0.0956609
8.8  0.106022
8.82  0.116437
8.84  0.126779
8.86  0.136927
8.88  0.146772
8.9  0.156213
8.92  0.165158
8.94  0.173523
8.96  0.181235
8.98  0.188227
9  0.194442
9.02  0.199832
9.04  0.204357
9.06  0.207985
9.08  0.210693
9.1  0.212463
9.12  0.213289
9.14  0.213169
9.16  0.21211
9.18  0.210127
9.2  0.207242
9.22  0.203484
9.24  0.198893
9.26  0.193513
9.28  0.187399
9.3  0.180613
9.32  0.173226
9.34  0.165318
9.36  0.156976
9.38  0.148299
9.4  0.139391
9.42  0.130368
9.44  0.121352
9.46  0.112474
9.48  0.103873
9.5  0.0956942
9.52  0.0880862
9.54  0.0812014
9.56  0.0751907
9.58  0.070199
9.6  0.0663587
9.62  0.0637811
9.64  0.0625476
9.66  0.0627021
9.68  0.0642462
9.7  0.0671393
9.72  0.071304
9.74  0.0766335
9.76  0.0830003
9.78  0.0902643
9.8  0.0982789
9.82  0.106896
9.84  0.11597
9.86  0.125357
9.88  0.134923
9.9  0.144537
9.92  0.154077
9.94  0.16343
9.96  0.172489
9.98  0.181157
10  0.189345
10.02  0.196973
10.04  0.203969
10.06  0.210269
10.08  0.215819
10.1  0.220571
10.12  0.224486
10.14  0.227532
10.16  0.229686
10.18  0.230931
10.2  0.231257
10.22  0.230666
10.24  0.229162
10.26  0.226762
10.28  0.223489
10.3  0.219373
10.32  0.214453
10.34  0.208779
10.36  0.202406
10.38  0.1954
10.4  0.187834
10.42  0.179792
10.44  0.171366
10.46  0.162655
10.48  0.15377
10.5  0.144827
10.52  0.13595
10.54  0.127272
10.56  0.118927
10.58  0.111057
10.6  0.103803
10.62  0.0973036
10.64  0.0916927
10.66  0.0870932
10.68  0.0836112
10.7  0.0813309
10.72  0.0803084
10.74  0.0805682
10.76  0.0821015
10.78  0.0848673
10.8  0.0887952
10.82  0.0937911
10.84  0.0997427
10.86  0.106525
10.88  0.114006
10.9  0.122048
10.92  0.130517
10.94  0.139277
10.96  0.1482
10.98  0.157159
11  0.166038
11.02  0.174724
11.04  0.183113
11.06  0.19111
11.08  0.198625
11.1  0.205579
11.12  0.211899
11.14  0.21752
11.16  0.222387
11.18  0.226452
11.2  0.229674
11.22  0.232022
11.24  0.233471
11.26  0.234007
11.28  0.233621
11.3  0.232315
11.32  0.230096
11.34  0.226984
11.36  0.223003
11.38  0.218187
11.4  0.212579
11.42  0.206231
11.44  0.199202
11.46  0.191562
11.48  0.183389
11.5  0.174767
11.52  0.165793
11.54  0.156568
11.56  0.147205
11.58  0.137821
11.6  0.128541
11.62  0.119496
11.64  0.110822
11.66  0.10266
11.68  0.0951488
11.7  0.088428
11.72  0.082631
11.74  0.0778808
11.76  0.0742839
11.78  0.0719245
11.8  0.0708582
11.82  0.0711074
11.84  0.0726597
11.86  0.0754686
11.88  0.0794573
11.9  0.084524
11.92  0.0905487
11.94  0.0973989
11.96  0.104935
11.98  0.113016
12  0.121499
12.02  0.130245
12.04  0.139122
12.06  0.148
12.08  0.156759
12.1  0.165284
12.12  0.173471
12.14  0.181221
12.16  0.188445
12.18  0.195063
12.2  0.201003
12.22  0.206202
12.24  0.210605
12.26  0.214167
12.28  0.216849
12.3  0.218624
12.32  0.219471
12.34  0.219377
12.36  0.218339
12.38  0.21636
12.4  0.213454
12.42  0.209641
12.44  0.204949
12.46  0.199415
12.48  0.193085
12.5  0.186011
12.52  0.178256
12.54  0.16989
12.56  0.16099
12.58  0.151644
12.6  0.141947
12.62  0.132
12.64  0.121915
12.66  0.11181
12.68  0.101814
12.7  0.0920596
12.72  0.0826912
12.74  0.0738579
12.76  0.0657153
12.78  0.0584233
12.8  0.0521423
12.82  0.047028
12.84  0.043222
12.86  0.0408401
12.88  0.0399584
12.9  0.040602
12.92  0.0427404
12.94  0.0462919
12.96  0.0511347
12.98  0.0571206
13  0.0640877
13.02  0.0718689
13.04  0.0802984
13.06  0.0892147
13.08  0.0984631
13.1  0.107897
13.12  0.117376
13.14  0.126772
13.16  0.135963
13.18  0.144836
13.2  0.153289
13.22  0.161229
13.24  0.168569
13.26  0.175235
13.28  0.181161
13.3  0.186287
13.32  0.190565
13.34  0.193955
13.36  0.196423
13.38  0.197946
13.4  0.198507
13.42  0.198099
13.44  0.19672
13.46  0.194378
13.48  0.191087
13.5  0.186871
13.52  0.181759
13.54  0.175788
13.56  0.169007
13.58  0.161466
13.6  0.15323
13.62  0.144366
13.64  0.134954
13.66  0.12508
13.68  0.114839
13.7  0.104332
13.72  0.0936733
13.74  0.0829811
13.76  0.0723843
13.78  0.06202
13.8  0.0520349
13.82  0.0425856
13.84  0.0338412
13.86  0.0259863
13.88  0.0192268
13.9  0.0137974
13.92  0.00996534
13.94  0.00800395
13.96  0.00809178
13.98  0.0101979
14  0.0141108
14.02  0.019561
14.04  0.0262928
14.06  0.0340788
14.08  0.0427165
14.1  0.0520218
14.12  0.061825
14.14  0.0719682
14.16  0.0823041
14.18  0.0926946
14.2  0.103011
14.22  0.113133
14.24  0.122949
14.26  0.132358
14.28  0.141265
14.3  0.149586
14.32  0.157244
14.34  0.16417
14.36  0.170306
14.38  0.1756
14.4  0.180007
14.42  0.183494
14.44  0.186031
14.46  0.187599
14.48  0.188186
14.5  0.187785
14.52  0.186401
14.54  0.184042
14.56  0.180727
14.58  0.176481
14.6  0.171338
14.62  0.165339
14.64  0.158533
14.66  0.150979
14.68  0.142742
14.7  0.133898
14.72  0.124531
14.74  0.114733
14.76  0.104604
14.78  0.094255
14.8  0.0838043
14.82  0.0733791
14.84  0.0631156
14.86  0.0531591
14.88  0.0436647
14.9  0.0347985
14.92  0.0267402
14.94  0.0196876
14.96  0.0138632
14.98  0.00952452
15  0.00696229
15.02  0.00644037
15.04  0.00803888
15.06  0.0115801
15.08  0.0167693
15.1  0.0233255
15.12  0.0310088
15.14  0.0396118
15.16  0.0489494
15.18  0.0588522
15.2  0.069163
15.22  0.0797347
15.24  0.0904293
15.26  0.101118
15.28  0.111678
15.3  0.121999
15.32  0.131974
15.34  0.141508
15.36  0.150512
15.38  0.158905
15.4  0.166616
15.42  0.17358
15.44  0.179742
15.46  0.185051
15.48  0.189469
15.5  0.192963
15.52  0.195507
15.54  0.197084
15.56  0.197687
15.58  0.197312
15.6  0.195966
15.62  0.193665
15.64  0.19043
15.66  0.186292
15.68  0.181292
15.7  0.175476
15.72  0.168902
15.74  0.161635
15.76  0.153748
15.78  0.145326
15.8  0.13646
15.82  0.127251
15.84  0.117811
15.86  0.108258
15.88  0.0987211
15.9  0.0893362
15.92  0.080249
15.94  0.0716131
15.96  0.063589
15.98  0.0563435
16  0.0500462
16.02  0.0448646
16.04  0.0409559
16.06  0.038454
16.08  0.037455
16.1  0.0380029
16.12  0.0400834
16.14  0.0436269
16.16  0.0485205
16.18  0.0546228
16.2  0.0617772
16.22  0.0698218
16.24  0.0785951
16.26  0.0879395
16.28  0.0977034
16.3  0.107742
16.32  0.117918
16.34  0.128102
16.36  0.138171
16.38  0.148014
16.4  0.157523
16.42  0.166601
16.44  0.175159
16.46  0.183116
16.48  0.190399
16.5  0.196946
16.52  0.202699
16.54  0.207614
16.56  0.21165
16.58  0.214778
16.6  0.216975
16.62  0.218229
16.64  0.218534
16.66  0.217893
16.68  0.216316
16.7  0.213823
16.72  0.210443
16.74  0.20621
16.76  0.201169
16.78  0.195374
16.8  0.188886
16.82  0.181774
16.84  0.174119
16.86  0.166006
16.88  0.15753
16.9  0.148795
16.92  0.13991
16.94  0.130996
16.96  0.122176
16.98  0.113584
17  0.105357
17.02  0.0976359
17.04  0.0905636
17.06  0.0842823
17.08  0.078929
17.1  0.0746304
17.12  0.071497
17.14  0.0696158
17.16  0.0690447
17.18  0.0698068
17.2  0.071889
17.22  0.0752427
17.24  0.0797885
17.26  0.0854218
17.28  0.09202
17.3  0.0994486
17.32  0.107567
17.34  0.116231
17.36  0.1253
17.38  0.134633
17.4  0.144098
17.42  0.153564
17.44  0.16291
17.46  0.172024
17.48  0.1808
17.5  0.189142
17.52  0.196962
17.54  0.204181
17.56  0.210729
17.58  0.216545
17.6  0.221577
17.62  0.22578
17.64  0.22912
17.66  0.23157
17.68  0.233111
17.7  0.233733
17.72  0.233434
17.74  0.23222
17.76  0.230104
17.78  0.227109
17.8  0.223265
17.82  0.218609
17.84  0.213187
17.86  0.207052
17.88  0.200264
17.9  0.192894
17.92  0.185018
17.94  0.176722
17.96  0.168101
17.98  0.159255
18  0.150294
18.02  0.141335
18.04  0.132501
18.06  0.123923
18.08  0.115733
18.1  0.10807
18.12  0.101073
18.14  0.0948764
18.16  0.0896114
18.18  0.0853964
18.2  0.0823333
18.22  0.0805007
18.24  0.0799485
18.26  0.0806934
18.28  0.0827178
18.3  0.0859702
18.32  0.0903697
18.34  0.0958112
18.36  0.102172
18.38  0.109318
18.4  0.117108
18.42  0.1254
18.44  0.134054
18.46  0.142931
18.48  0.1519
18.5  0.160835
18.52  0.169619
18.54  0.178141
18.56  0.186301
18.58  0.194005
18.6  0.201169
18.62  0.207719
18.64  0.213588
18.66  0.218717
18.68  0.223058
18.7  0.22657
18.72  0.229218
18.74  0.23098
18.76  0.231836
18.78  0.231779
18.8  0.230805
18.82  0.228923
18.84  0.226144
18.86  0.22249
18.88  0.21799
18.9  0.21268
18.92  0.206604
18.94  0.199816
18.96  0.192377
18.98  0.184357
19  0.175834
19.02  0.166895
19.04  0.157637
19.06  0.148164
19.08  0.138589
19.1  0.129033
19.12  0.119626
19.14  0.110504
19.16  0.101808
19.18  0.0936859
19.2  0.0862846
19.22  0.0797516
19.24  0.0742278
19.26  0.0698412
19.28  0.0667001
19.3  0.0648842
19.32  0.0644379
19.34  0.0653652
19.36  0.06763
19.38  0.0711595
19.4  0.0758506
19.42  0.0815788
19.44  0.088205
19.46  0.095583
19.48  0.103564
19.5  0.112
19.52  0.120747
19.54  0.129668
19.56  0.138632
19.58  0.147513
19.6  0.156198
19.62  0.164579
19.64  0.172557
19.66  0.180042
19.68  0.186952
19.7  0.193213
19.72  0.198762
19.74  0.203541
19.76  0.207502
19.78  0.210603
19.8  0.212813
19.82  0.214106
19.84  0.214464
19.86  0.213879
19.88  0.212349
19.9  0.20988
19.92  0.206485
19.94  0.202186
19.96  0.197015
19.98  0.19101
20  0.184216


