0.05  0.00718309
0.1  0.0236845
0.15  0.0461285
0.2  0.0722222
0.25  0.100052
0.3  0.127967
0.35  0.154552
0.4  0.178624
0.45  0.19923
0.5  0.215638
0.55  0.227332
0.6  0.233993
0.65  0.235489
0.7  0.231867
0.75  0.223346
0.8  0.21031
0.85  0.193309
0.9  0.173057
0.95  0.150423
1  0.126423
1.05  0.102205
1.1  0.0790308
1.15  0.0582533
1.2  0.0412973
1.25  0.029614
1.3  0.0244717
1.35  0.0263438
1.4  0.0343759
1.45  0.0468937
1.5  0.0621827
1.55  0.078769
1.6  0.0954404
1.65  0.111222
1.7  0.125354
1.75  0.137273
1.8  0.146595
1.85  0.153098
1.9  0.156711
1.95  0.157489
2  0.155605
2.05  0.151332
2.1  0.145021
2.15  0.137092
2.2  0.128008
2.25  0.118258
2.3  0.108332
2.35  0.0987041
2.4  0.0898005
2.45  0.0819805
2.5  0.0755129
2.55  0.0705578
2.6  0.0671575
2.65  0.0652382
2.7  0.0646261
2.75  0.0650754
2.8  0.0663021
2.85  0.0680169
2.9  0.0699526
2.95  0.0718835
3  0.073637
3.05  0.0750993
3.1  0.0762165
3.15  0.0769914
3.2  0.0774785
3.25  0.0777769
3.3  0.0780199
3.35  0.0783642
3.4  0.0789763
3.45  0.080017
3.5  0.0816265
3.55  0.0839083
3.6  0.0869171
3.65  0.0906487
3.7  0.0950359
3.75  0.0999489
3.8  0.105201
3.85  0.110556
3.9  0.115742
3.95  0.120467
4  0.124429
4.05  0.127333
4.1  0.12891
4.15  0.128928
4.2  0.127208
4.25  0.123643
4.3  0.118206
4.35  0.110972
4.4  0.102127
4.45  0.0919836
4.5  0.0809973
4.55  0.0697744
4.6  0.0590808
4.65  0.0498377
4.7  0.0430834
4.75  0.0398585
4.8  0.040978
4.85  0.0467756
4.9  0.0570229
4.95  0.07107
5  0.0880352
5.05  0.106935
5.1  0.126758
5.15  0.146508
5.2  0.165239
5.25  0.182081
5.3  0.196263
5.35  0.207129
5.4  0.214147
5.45  0.216927
5.5  0.215221
5.55  0.208936
5.6  0.198145
5.65  0.183099
5.7  0.164242
5.75  0.142222
5.8  0.117912
5.85  0.0924166
5.9  0.0670852
5.95  0.0435352
6  0.0237108
6.05  0.0100891
6.1  0.00614588
6.15  0.0138877
6.2  0.0304884
6.25  0.0529986
6.3  0.0792087
6.35  0.107254
6.4  0.135501
6.45  0.162524
6.5  0.187107
6.55  0.208246
6.6  0.225151
6.65  0.237233
6.7  0.244103
6.75  0.245559
6.8  0.241578
6.85  0.232319
6.9  0.218118
6.95  0.199494
7  0.177154
7.05  0.151994
7.1  0.125096
7.15  0.0977186
7.2  0.0712889
7.25  0.0473929
7.3  0.027799
7.35  0.0145594
7.4  0.0100652
7.45  0.0154075
7.5  0.0284473
7.55  0.046422
7.6  0.0671847
7.65  0.0890325
7.7  0.110575
7.75  0.130684
7.8  0.148464
7.85  0.163244
7.9  0.174552
7.95  0.182109
8  0.185808
8.05  0.1857
8.1  0.18198
8.15  0.174974
8.2  0.165124
8.25  0.152973
8.3  0.139148
8.35  0.12434
8.4  0.109277
8.45  0.0946993
8.5  0.0813239
8.55  0.0698039
8.6  0.0606818
8.65  0.0543321
8.7  0.0509026
8.75  0.050278
8.8  0.0520955
8.85  0.0558193
8.9  0.0608404
8.95  0.0665645
9  0.0724667
9.05  0.0781198
9.1  0.0832031
9.15  0.0875017
9.2  0.0908987
9.25  0.0933651
9.3  0.0949469
9.35  0.0957509
9.4  0.0959297
9.45  0.0956657
9.5  0.0951544
9.55  0.0945891
9.6  0.0941446
9.65  0.0939637
9.7  0.0941467
9.75  0.0947433
9.8  0.0957499
9.85  0.0971108
9.9  0.0987238
9.95  0.100449
10  0.102117
10.05  0.103547
10.1  0.104552
10.15  0.104953
10.2  0.104594
10.25  0.103346
10.3  0.101123
10.35  0.0978905
10.4  0.0936732
10.45  0.0885657
10.5  0.0827408
10.55  0.0764563
10.6  0.0700596
10.65  0.0639866
10.7  0.0587515
10.75  0.0549195
10.8  0.0530549
10.85  0.0536428
10.9  0.0570019
10.95  0.063223
11  0.0721576
11.05  0.0834515
11.1  0.0965972
11.15  0.110985
11.2  0.125943
11.25  0.140779
11.3  0.154802
11.35  0.167353
11.4  0.177825
11.45  0.185684
11.5  0.190483
11.55  0.191878
11.6  0.189643
11.65  0.183678
11.7  0.17403
11.75  0.1609
11.8  0.144669
11.85  0.125901
11.9  0.105372
11.95  0.0840785
12  0.0632602
12.05  0.0444321
12.1  0.0294385
12.15  0.0204859
12.2  0.0197119
12.25  0.027701
12.3  0.0430589
12.35  0.0638125
12.4  0.0881118
12.45  0.114287
12.5  0.140832
12.55  0.166398
12.6  0.189809
12.65  0.210067
12.7  0.226359
12.75  0.238058
12.8  0.244716
12.85  0.246067
12.9  0.242018
12.95  0.232658
13  0.218253
13.05  0.199262
13.1  0.176346
13.15  0.150369
13.2  0.122408
13.25  0.0937505
13.3  0.0658844
13.35  0.0404987
13.4  0.0195105
13.45  0.00523439
13.5  0.00145714
13.55  0.0104614
13.6  0.0274022
13.65  0.0492557
13.7  0.0738723
13.75  0.0994806
13.8  0.124587
13.85  0.147946
13.9  0.168552
13.95  0.185626
14  0.198607
14.05  0.207138
14.1  0.21105
14.15  0.210351
14.2  0.205212
14.25  0.195961
14.3  0.183075
14.35  0.167164
14.4  0.148968
14.45  0.129337
14.5  0.10921
14.55  0.0895937
14.6  0.0715281
14.65  0.0560494
14.7  0.0441331
14.75  0.0365881
14.8  0.0338601
14.85  0.0358051
14.9  0.0416696
14.95  0.0503616
15  0.0607529
15.05  0.0718382
15.1  0.0827846
15.15  0.0929373
15.2  0.101811
15.25  0.109076
15.3  0.114546
15.35  0.118163
15.4  0.119976
15.45  0.120128
15.5  0.11884
15.55  0.116383
15.6  0.113067
15.65  0.109213
15.7  0.105138
15.75  0.101129
15.8  0.0974275
15.85  0.0942137
15.9  0.0915969
15.95  0.0896117
16  0.0882217
16.05  0.0873307
16.1  0.0867974
16.15  0.086454
16.2  0.0861251
16.25  0.0856449
16.3  0.084872
16.35  0.0837013
16.4  0.0820723
16.45  0.0799753
16.5  0.0774547
16.55  0.0746108
16.6  0.071598
16.65  0.068622
16.7  0.0659316
16.75  0.0638072
16.8  0.0625421
16.85  0.0624179
16.9  0.0636751
16.95  0.0664834
17  0.0709186
17.05  0.0769502
17.1  0.0844417
17.15  0.0931608
17.2  0.102795
17.25  0.11297
17.3  0.123271
17.35  0.133255
17.4  0.142475
17.45  0.150496
17.5  0.156906
17.55  0.161339
17.6  0.163484
17.65  0.1631
17.7  0.160034
17.75  0.154232
17.8  0.145753
17.85  0.134786
17.9  0.121667
17.95  0.106888
18  0.0911195
18.05  0.075223
18.1  0.0602644
18.15  0.0475208
18.2  0.0384459
18.25  0.0344931
18.3  0.0366748
18.35  0.0450938
18.4  0.0589896
18.45  0.0771664
18.5  0.0983074
18.55  0.121105
18.6  0.14431
18.65  0.166767
18.7  0.187428
18.75  0.20538
18.8  0.219851
18.85  0.230221
18.9  0.236026
18.95  0.236962
19  0.232887
19.05  0.223824
19.1  0.209979
19.15  0.19174
19.2  0.169699
19.25  0.14466
19.3  0.11765
19.35  0.0899209
19.4  0.0629575
19.45  0.0384877
19.5  0.0185423
19.55  0.00572142
19.6  0.00403613
19.65  0.0144403
19.7  0.0327711
19.75  0.0561381
19.8  0.0823917
19.85  0.109725
19.9  0.136584
19.95  0.16165
20  0.183836
20.05  0.202277
20.1  0.216329
20.15  0.225551
20.2  0.229699
20.25  0.228712
20.3  0.222707
20.35  0.21197
20.4  0.196956
20.45  0.178286
20.5  0.156743
20.55  0.133264
20.6  0.108927
20.65  0.0849336
20.7  0.0625859
20.75  0.043274
20.8  0.0284684
20.85  0.019678
20.9  0.0180698
20.95  0.0234833
21  0.034312
21.05  0.0486398
21.1  0.0648201
21.15  0.0815138
21.2  0.0976446
21.25  0.112366
21.3  0.125042
21.35  0.135226
21.4  0.142649
21.45  0.147201
21.5  0.148916
21.55  0.147955
21.6  0.144589
21.65  0.139178
21.7  0.132154
21.75  0.123999
21.8  0.115215
21.85  0.106306
21.9  0.097744
21.95  0.0899403
22  0.0832215
22.05  0.0778047
22.1  0.0737836
22.15  0.0711274
22.2  0.0696941
22.25  0.0692571
22.3  0.069541
22.35  0.0702582
22.4  0.0711416
22.45  0.071969
22.5  0.0725795
22.55  0.0728809
22.6  0.0728522
22.65  0.0725391
22.7  0.0720468
22.75  0.0715277
22.8  0.0711667
22.85  0.0711634
22.9  0.0717127
22.95  0.0729847
23  0.0751064
23.05  0.0781474
23.1  0.0821112
23.15  0.0869338
23.2  0.0924871
23.25  0.0985883
23.3  0.105011
23.35  0.111497
23.4  0.117772
23.45  0.123551
23.5  0.128558
23.55  0.132529
23.6  0.135226
23.65  0.136444
23.7  0.136024
23.75  0.133858
23.8  0.129904
23.85  0.124193
23.9  0.116839
23.95  0.108056
24  0.0981624
24.05  0.0875958
24.1  0.0769197
24.15  0.0668273
24.2  0.0581308
24.25  0.0517231
24.3  0.048483
24.35  0.049111
24.4  0.0539478
24.45  0.0628921
24.5  0.0754641
24.55  0.0909386
24.6  0.108459
24.65  0.127114
24.7  0.145985
24.75  0.164186
24.8  0.180885
24.85  0.19533
24.9  0.206866
24.95  0.214947
25  0.219149
25.05  0.219179
25.1  0.214881
25.15  0.206253
25.2  0.19345
25.25  0.176807
25.3  0.156848
25.35  0.134301
25.4  0.110115
25.45  0.0854693
25.5  0.0617934
25.55  0.0407977
25.6  0.0245542
25.65  0.0155994
25.7  0.0163286
25.75  0.0267046
25.8  0.0444434
25.85  0.0671681
25.9  0.092861
25.95  0.119775
26  0.146382
26.05  0.171361
26.1  0.193596
26.15  0.212181
26.2  0.226411
26.25  0.235779
26.3  0.23997
26.35  0.238848
26.4  0.232458
26.45  0.22102
26.5  0.204936
26.55  0.184788
26.6  0.161347
26.65  0.135569
26.7  0.108585
26.75  0.081699
26.8  0.0563635
26.85  0.0341829
26.9  0.016959
26.95  0.00691445
27  0.00674468
27.05  0.0160704
27.1  0.0316212
27.15  0.0508935
27.2  0.0720197
27.25  0.0934899
27.3  0.114066
27.35  0.132749
27.4  0.148767
27.45  0.161556
27.5  0.17075
27.55  0.176169
27.6  0.177797
27.65  0.175774
27.7  0.17038
27.75  0.162021
27.8  0.151211
27.85  0.138557
27.9  0.124735
27.95  0.110466
28  0.0964861
28.05  0.0835078
28.1  0.0721813
28.15  0.0630448
28.2  0.0564701
28.25  0.0526097
28.3  0.0513653
28.35  0.0524028
28.4  0.0552188
28.45  0.0592349
28.5  0.063883
28.55  0.0686643
28.6  0.0731808
28.65  0.0771482
28.7  0.0803958
28.75  0.0828593
28.8  0.0845681
28.85  0.0856299
28.9  0.0862113
28.95  0.0865166
29  0.0867652
29.05  0.0871682
29.1  0.0879067
29.15  0.0891132
29.2  0.0908578
29.25  0.0931427
29.3  0.0959022
29.35  0.0990112
29.4  0.102297
29.45  0.105557
29.5  0.108571
29.55  0.11112
29.6  0.113001
29.65  0.114033
29.7  0.114074
29.75  0.113023
29.8  0.110829
29.85  0.107493
29.9  0.103077
29.95  0.0977036
30  0.0915628
30.05  0.0849117
30.1  0.0780773
30.15  0.071455
30.2  0.0655005
30.25  0.060713
30.3  0.0576008
30.35  0.0566288
30.4  0.0581503
30.45  0.0623469
30.5  0.0691983
30.55  0.0784916
30.6  0.0898579
30.65  0.102815
30.7  0.116808
30.75  0.131237
30.8  0.14549
30.85  0.158958
30.9  0.17106
30.95  0.181258
31  0.189074
31.05  0.194101
31.1  0.19602
31.15  0.194608
31.2  0.189755
31.25  0.181472
31.3  0.169911
31.35  0.155375
31.4  0.138335
31.45  0.119446
31.5  0.0995621
31.55  0.0797528
31.6  0.0613187
31.65  0.0458072
31.7  0.034989
31.75  0.0306326
31.8  0.0338251
31.85  0.0442984
31.9  0.0607359
31.95  0.0814958
32  0.104961
32.05  0.129627
32.1  0.154126
32.15  0.17724
32.2  0.197911
32.25  0.215254
32.3  0.228558
32.35  0.237286
32.4  0.241073
32.45  0.239726
32.5  0.233224
32.55  0.22172
32.6  0.205547
32.65  0.185229
32.7  0.161487
32.75  0.135243
32.8  0.107627
32.85  0.0799645
32.9  0.0537738
32.95  0.030772
33  0.0129385
33.05  0.00287261
33.1  0.0045602
33.15  0.0166751
33.2  0.0351416
33.25  0.0574755
33.3  0.0817554
33.35  0.106373
33.4  0.129975
33.45  0.151444
33.5  0.169888
33.55  0.184636
33.6  0.195225
33.65  0.201384
33.7  0.203029
33.75  0.200244
33.8  0.193274
33.85  0.182515
33.9  0.168509
33.95  0.151924
34  0.133549
34.05  0.114268
34.1  0.095037
34.15  0.0768571
34.2  0.0607332
34.25  0.0476287
34.3  0.0383868
34.35  0.0335852
34.4  0.0333259
34.45  0.0371111
34.5  0.0439948
34.55  0.0528852
34.6  0.0627601
34.65  0.0727553
34.7  0.0821851
34.75  0.0905399
34.8  0.0974753
34.85  0.102799
34.9  0.106454
34.95  0.108503
35  0.109106
35.05  0.108501
35.1  0.10698
35.15  0.104862
35.2  0.102469
35.25  0.100098
35.3  0.0979954
35.35  0.0963404
35.4  0.0952281
35.45  0.0946669
35.5  0.0945842
35.55  0.0948397
35.6  0.0952465
35.65  0.0955939
35.7  0.0956711
35.75  0.0952882
35.8  0.0942936
35.85  0.0925874
35.9  0.0901307
35.95  0.0869511
36  0.0831446
36.05  0.0788748
36.1  0.0743686
36.15  0.0699087
36.2  0.0658214
36.25  0.062459
36.3  0.0601747
36.35  0.0592908
36.4  0.060063
36.45  0.0626477
36.5  0.0670825
36.55  0.0732842
36.6  0.0810618
36.65  0.0901388
36.7  0.100177
36.75  0.110798
36.8  0.1216
36.85  0.132175
36.9  0.142119
36.95  0.151046
37  0.158592
37.05  0.164432
37.1  0.168284
37.15  0.169917
37.2  0.169165
37.25  0.165933
37.3  0.160211
37.35  0.152082
37.4  0.141738
37.45  0.129492
37.5  0.115788
37.55  0.10122
37.6  0.0865364
37.65  0.0726503
37.7  0.060631
37.75  0.0516617
37.8  0.04691
37.85  0.0472699
37.9  0.0530611
37.95  0.0639364
38  0.0790623
38.05  0.0973645
38.1  0.117692
38.15  0.138899
38.2  0.159897
38.25  0.179677
38.3  0.197338
38.35  0.212098
38.4  0.223309
38.45  0.230463
38.5  0.233195
38.55  0.231291
38.6  0.224693
38.65  0.213503
38.7  0.197998
38.75  0.17864
38.8  0.156088
38.85  0.131208
38.9  0.105079
38.95  0.0790041
39  0.0545126
39.05  0.033398
39.1  0.0178211
39.15  0.0105036
39.2  0.0137313
39.25  0.0263152
39.3  0.0453671
39.35  0.0684915
39.4  0.0937437
39.45  0.119472
39.5  0.144264
39.55  0.166932
39.6  0.186506
39.65  0.202233
39.7  0.213563
39.75  0.220143
39.8  0.221806
39.85  0.218562
39.9  0.210594
39.95  0.198249
40  0.182042
40.05  0.162645
40.1  0.140885
40.15  0.117732
40.2  0.0942787
40.25  0.071722
40.3  0.0513414
40.35  0.0344842
40.4  0.0225562
40.45  0.0169067
40.5  0.0182037
40.55  0.0255988
40.6  0.0372984
40.65  0.0515571
40.7  0.0669349
40.75  0.0822717
40.8  0.0966487
40.85  0.109363
40.9  0.119909
40.95  0.127967
41  0.133383
41.05  0.136155
41.1  0.136416
41.15  0.134415
41.2  0.130496
41.25  0.125076
41.3  0.118622
41.35  0.111618
41.4  0.104537
41.45  0.0978111
41.5  0.0917977
41.55  0.0867533
41.6  0.0828154
41.65  0.0799958
41.7  0.07819
41.75  0.0772001
41.8  0.0767689
41.85  0.076617
41.9  0.0764789
41.95  0.0761328
42  0.0754219
42.05  0.0742688
42.1  0.0726808
42.15  0.0707499
42.2  0.0686454
42.25  0.0666006
42.3  0.0648937
42.35  0.0638213
42.4  0.0636673
42.45  0.0646694
42.5  0.0669888
42.55  0.0706881
42.6  0.0757244
42.65  0.0819548
42.7  0.0891534
42.75  0.0970329
42.8  0.105268
42.85  0.113517
42.9  0.121438
42.95  0.128706
43  0.135021
43.05  0.14012
43.1  0.143782
43.15  0.145833
43.2  0.146153
43.25  0.144673
43.3  0.141388
43.35  0.136354
43.4  0.129695
43.45  0.121611
43.5  0.112381
43.55  0.102367
43.6  0.0920262
43.65  0.081905
43.7  0.0726397
43.75  0.0649364
43.8  0.0595277
43.85  0.0570893
43.9  0.0581225
43.95  0.062843
44  0.0711375
44.05  0.0826053
44.1  0.096645
44.15  0.112536
44.2  0.129502
44.25  0.146748
44.3  0.1635
44.35  0.17902
44.4  0.192633
44.45  0.20374
44.5  0.21183
44.55  0.216493
44.6  0.217432
44.65  0.214467
44.7  0.207551
44.75  0.196776
44.8  0.182393
44.85  0.164818
44.9  0.144653
44.95  0.122695
45  0.0999505
45.05  0.0776471
45.1  0.0572507
45.15  0.0404876
45.2  0.0293336
45.25  0.025724
45.3  0.0305724
45.35  0.0430293
45.4  0.0612665
45.45  0.0833744
45.5  0.107614
45.55  0.132439
45.6  0.156488
45.65  0.178592
45.7  0.19777
45.75  0.213235
45.8  0.224388
45.85  0.230816
45.9  0.232282
45.95  0.228725
46  0.220252
46.05  0.207148
46.1  0.189868
46.15  0.169047
46.2  0.145496
46.25  0.1202
46.3  0.0943053
46.35  0.0691082
46.4  0.0460385
46.45  0.0266684
46.5  0.0127909
46.55  0.00664433
46.6  0.00996974
46.65  0.0210054
46.7  0.036931
46.75  0.0556513
46.8  0.0755343
46.85  0.0952495
46.9  0.113713
46.95  0.130067
47  0.143664
47.05  0.154057
47.1  0.160987
47.15  0.164369
47.2  0.164278
47.25  0.160932
47.3  0.154682
47.35  0.145992
47.4  0.13542
47.45  0.123596
47.5  0.111192
47.55  0.0988953
47.6  0.0873652
47.65  0.0771942
47.7  0.0688598
47.75  0.0626785
47.8  0.0587668
47.85  0.057026
47.9  0.0571624
47.95  0.0587439
48  0.0612758
48.05  0.064272
48.1  0.0673097
48.15  0.0700623
48.2  0.0723158
48.25  0.0739718
48.3  0.075042
48.35  0.0756351
48.4  0.0759375
48.45  0.0761887
48.5  0.0766519
48.55  0.0775823
48.6  0.0791941
48.65  0.081633
48.7  0.0849561
48.75  0.0891234
48.8  0.0940017
48.85  0.0993786
48.9  0.104984
48.95  0.110513
49  0.11565
49.05  0.120093
49.1  0.123567
49.15  0.125843
49.2  0.126746
49.25  0.126165
49.3  0.124059
49.35  0.120457
49.4  0.115463
49.45  0.109251
49.5  0.102072
49.55  0.0942439
49.6  0.0861503
49.65  0.0782348
49.7  0.0709886
49.75  0.0649313
49.8  0.0605785
49.85  0.0583929
49.9  0.0587229
49.95  0.0617466
50  0.0674439


