0.05  0.00724808
0.1  0.0238887
0.15  0.0465036
0.2  0.0727682
0.25  0.100742
0.3  0.128753
0.35  0.155371
0.4  0.179402
0.45  0.199892
0.5  0.21611
0.55  0.227547
0.6  0.233896
0.65  0.235042
0.7  0.231053
0.75  0.222171
0.8  0.208808
0.85  0.191546
0.9  0.17113
0.95  0.148462
1  0.12459
1.05  0.100689
1.1  0.0780425
1.15  0.0580123
1.2  0.0420123
1.25  0.0314297
1.3  0.0273594
1.35  0.0300221
1.4  0.0384424
1.45  0.0509906
1.5  0.0660283
1.55  0.082143
1.6  0.0981748
1.65  0.113198
1.7  0.1265
1.75  0.137566
1.8  0.146058
1.85  0.151798
1.9  0.154755
1.95  0.155019
2  0.152793
2.05  0.14837
2.1  0.142113
2.15  0.13444
2.2  0.125802
2.25  0.116664
2.3  0.107476
2.35  0.0986598
2.4  0.0905828
2.45  0.0835389
2.5  0.0777332
2.55  0.0732721
2.6  0.0701611
2.65  0.0683138
2.7  0.067569
2.75  0.0677157
2.8  0.0685197
2.85  0.0697483
2.9  0.0711899
2.95  0.0726671
3  0.0740445
3.05  0.0752316
3.1  0.076183
3.15  0.0768957
3.2  0.0774052
3.25  0.0777807
3.3  0.0781189
3.35  0.0785371
3.4  0.0791644
3.45  0.0801325
3.5  0.0815645
3.55  0.0835627
3.6  0.0861975
3.65  0.0894965
3.7  0.0934365
3.75  0.0979391
3.8  0.102869
3.85  0.10804
3.9  0.113218
3.95  0.118135
4  0.1225
4.05  0.126013
4.1  0.128384
4.15  0.129347
4.2  0.128675
4.25  0.126203
4.3  0.12184
4.35  0.115588
4.4  0.107559
4.45  0.0979919
4.5  0.0872662
4.55  0.0759187
4.6  0.0646542
4.65  0.0543503
4.7  0.04604
4.75  0.0408398
4.8  0.0397651
4.85  0.0434434
4.9  0.0519093
4.95  0.0646576
5  0.0808497
5.05  0.0994873
5.1  0.119514
5.15  0.139874
5.2  0.15955
5.25  0.1776
5.3  0.193176
5.35  0.205548
5.4  0.214115
5.45  0.218421
5.5  0.218158
5.55  0.21318
5.6  0.203508
5.65  0.189349
5.7  0.171103
5.75  0.149382
5.8  0.125024
5.85  0.0991045
5.9  0.0729478
5.95  0.0481405
6  0.0265726
6.05  0.0105864
6.1  0.00358987
6.15  0.00915655
6.2  0.0246331
6.25  0.0465833
6.3  0.0726447
6.35  0.100861
6.4  0.129525
6.45  0.157146
6.5  0.182452
6.55  0.204392
6.6  0.222137
6.65  0.235071
6.7  0.242784
6.75  0.24506
6.8  0.24187
6.85  0.233367
6.9  0.219889
6.95  0.201954
7  0.180272
7.05  0.155737
7.1  0.129429
7.15  0.102603
7.2  0.0766748
7.25  0.0532117
7.3  0.0339413
7.35  0.0207878
7.4  0.0157449
7.45  0.0196963
7.5  0.0311434
7.55  0.0476482
7.6  0.0670902
7.65  0.0877572
7.7  0.108258
7.75  0.12747
7.8  0.144514
7.85  0.15873
7.9  0.169665
7.95  0.177055
8  0.180805
8.05  0.180977
8.1  0.17777
8.15  0.171507
8.2  0.162618
8.25  0.151623
8.3  0.139114
8.35  0.125728
8.4  0.112129
8.45  0.0989735
8.5  0.0868822
8.55  0.0764026
8.6  0.0679712
8.65  0.0618736
8.7  0.0582101
8.75  0.0568824
8.8  0.0576111
8.85  0.059987
8.9  0.0635393
8.95  0.067798
9  0.0723391
9.05  0.07681
9.1  0.0809405
9.15  0.084543
9.2  0.0875079
9.25  0.0897944
9.3  0.0914206
9.35  0.0924517
9.4  0.0929889
9.45  0.0931574
9.5  0.0930956
9.55  0.0929441
9.6  0.0928365
9.65  0.0928898
9.7  0.0931968
9.75  0.0938201
9.8  0.0947871
9.85  0.0960875
9.9  0.0976727
9.95  0.0994576
10  0.101324
10.05  0.103126
10.1  0.104699
10.15  0.105865
10.2  0.106445
10.25  0.106271
10.3  0.105197
10.35  0.103108
10.4  0.0999411
10.45  0.095692
10.5  0.0904319
10.55  0.0843194
10.6  0.0776123
10.65  0.0706762
10.7  0.063987
10.75  0.0581236
10.8  0.053739
10.85  0.0515002
10.9  0.0519897
10.95  0.0555906
11  0.062405
11.05  0.0722424
11.1  0.0846693
11.15  0.0990788
11.2  0.114754
11.25  0.130922
11.3  0.146789
11.35  0.161582
11.4  0.174573
11.45  0.185104
11.5  0.192611
11.55  0.196634
11.6  0.196838
11.65  0.193024
11.7  0.185144
11.75  0.173312
11.8  0.157826
11.85  0.139177
11.9  0.118072
11.95  0.095446
12  0.0724798
12.05  0.0506253
12.1  0.0316544
12.15  0.017782
12.2  0.0117996
12.25  0.0158982
12.3  0.0291136
12.35  0.0489742
12.4  0.0732893
12.45  0.100181
12.5  0.127983
12.55  0.155211
12.6  0.180566
12.65  0.202946
12.7  0.221446
12.75  0.235365
12.8  0.244197
12.85  0.247626
12.9  0.245523
12.95  0.237942
13  0.225124
13.05  0.207501
13.1  0.185705
13.15  0.160576
13.2  0.133163
13.25  0.104724
13.3  0.0767157
13.35  0.0507938
13.4  0.0288295
13.45  0.0130317
13.5  0.00632064
13.55  0.0110736
13.6  0.0249323
13.65  0.0445394
13.7  0.0674896
13.75  0.0918921
13.8  0.116187
13.85  0.139086
13.9  0.159553
13.95  0.17679
14  0.190218
14.05  0.199466
14.1  0.204358
14.15  0.204888
14.2  0.201218
14.25  0.193657
14.3  0.182653
14.35  0.168782
14.4  0.152728
14.45  0.135272
14.5  0.117265
14.55  0.0996016
14.6  0.0831859
14.65  0.0688902
14.7  0.0574982
14.75  0.0496247
14.8  0.0456062
14.85  0.045395
14.9  0.0485402
14.95  0.0543007
15  0.0618226
15.05  0.0702809
15.1  0.078956
15.15  0.0872631
15.2  0.0947568
15.25  0.101125
15.3  0.106176
15.35  0.109827
15.4  0.112088
15.45  0.113045
15.5  0.112843
15.55  0.111671
15.6  0.109748
15.65  0.107302
15.7  0.104561
15.75  0.101733
15.8  0.0990023
15.85  0.0965148
15.9  0.0943738
15.95  0.092637
16  0.0913167
16.05  0.0903834
16.1  0.0897714
16.15  0.0893871
16.2  0.0891176
16.25  0.0888397
16.3  0.0884294
16.35  0.0877704
16.4  0.0867624
16.45  0.0853296
16.5  0.0834281
16.55  0.0810539
16.6  0.0782499
16.65  0.0751129
16.7  0.0717981
16.75  0.0685216
16.8  0.0655579
16.85  0.0632295
16.9  0.0618873
16.95  0.0618791
17  0.0635075
17.05  0.0669865
17.1  0.072406
17.15  0.0797128
17.2  0.0887119
17.25  0.099082
17.3  0.110399
17.35  0.122165
17.4  0.133834
17.45  0.144839
17.5  0.154621
17.55  0.162649
17.6  0.168442
17.65  0.171591
17.7  0.171776
17.75  0.168783
17.8  0.162522
17.85  0.153041
17.9  0.140546
17.95  0.125417
18  0.108222
18.05  0.0897429
18.1  0.0709863
18.15  0.0532123
18.2  0.0379664
18.25  0.0271055
18.3  0.0226449
18.35  0.0259628
18.4  0.0368224
18.45  0.0538019
18.5  0.0752172
18.55  0.0994473
18.6  0.124982
18.65  0.150431
18.7  0.174542
18.75  0.196216
18.8  0.214522
18.85  0.228701
18.9  0.238175
18.95  0.242543
19  0.241582
19.05  0.235246
19.1  0.223675
19.15  0.2072
19.2  0.186357
19.25  0.161893
19.3  0.134783
19.35  0.106226
19.4  0.0776501
19.45  0.0507082
19.5  0.0272943
19.55  0.00963583
19.6  0.000844081
19.65  0.00582078
19.7  0.0209657
19.75  0.0423101
19.8  0.0674191
19.85  0.0943206
19.9  0.121339
19.95  0.147057
20  0.170304
20.05  0.190147
20.1  0.205886
20.15  0.217037
20.2  0.22332
20.25  0.224646
20.3  0.221102
20.35  0.212947
20.4  0.200599
20.45  0.184635
20.5  0.165778
20.55  0.144891
20.6  0.122955
20.65  0.101056
20.7  0.0803496
20.75  0.0620346
20.8  0.0473052
20.85  0.0372642
20.9  0.0327172
20.95  0.0338239
21  0.0399009
21.05  0.0496999
21.1  0.0618562
21.15  0.0751367
21.2  0.0885098
21.25  0.10115
21.3  0.112426
21.35  0.121886
21.4  0.129238
21.45  0.134338
21.5  0.137169
21.55  0.137825
21.6  0.136494
21.65  0.133436
21.7  0.128968
21.75  0.123442
21.8  0.117228
21.85  0.110692
21.9  0.104175
21.95  0.0979812
22  0.0923571
22.05  0.0874825
22.1  0.0834635
22.15  0.0803316
22.2  0.0780503
22.25  0.0765263
22.3  0.0756255
22.35  0.0751908
22.4  0.0750588
22.45  0.0750755
22.5  0.0751071
22.55  0.0750493
22.6  0.0748321
22.65  0.0744235
22.7  0.07383
22.75  0.0730968
22.8  0.0723059
22.85  0.0715731
22.9  0.0710425
22.95  0.0708789
23  0.0712569
23.05  0.072347
23.1  0.0742995
23.15  0.0772269
23.2  0.0811884
23.25  0.0861774
23.3  0.0921147
23.35  0.0988468
23.4  0.106151
23.45  0.113745
23.5  0.121296
23.55  0.128443
23.6  0.134806
23.65  0.140008
23.7  0.143693
23.75  0.145541
23.8  0.145292
23.85  0.142755
23.9  0.137834
23.95  0.130541
24  0.121011
24.05  0.109526
24.1  0.0965245
24.15  0.082623
24.2  0.0686297
24.25  0.0555579
24.3  0.0446265
24.35  0.0372096
24.4  0.0346376
24.45  0.0377792
24.5  0.046673
24.55  0.0606157
24.6  0.0785191
24.65  0.0991647
24.7  0.121318
24.75  0.143783
24.8  0.165436
24.85  0.185252
24.9  0.202329
24.95  0.215903
25  0.225359
25.05  0.230236
25.1  0.230235
25.15  0.225227
25.2  0.215254
25.25  0.200545
25.3  0.181528
25.35  0.158844
25.4  0.13336
25.45  0.106176
25.5  0.0786376
25.55  0.0523375
25.6  0.0291423
25.65  0.0112926
25.7  0.00192098
25.75  0.00577632
25.8  0.0204242
25.85  0.0418199
25.9  0.0674733
25.95  0.095364
26  0.123748
26.05  0.151118
26.1  0.1762
26.15  0.197952
26.2  0.215559
26.25  0.228426
26.3  0.236168
26.35  0.238592
26.4  0.235696
26.45  0.227656
26.5  0.214826
26.55  0.197737
26.6  0.177095
26.65  0.15378
26.7  0.128836
26.75  0.103461
26.8  0.0789853
26.85  0.0568564
26.9  0.0386295
26.95  0.0259517
27  0.0203888
27.05  0.0226428
27.1  0.0317082
27.15  0.0456022
27.2  0.0624015
27.25  0.0805043
27.3  0.0986074
27.35  0.115667
27.4  0.130869
27.45  0.143614
27.5  0.153495
27.55  0.160281
27.6  0.163902
27.65  0.16443
27.7  0.162063
27.75  0.157106
27.8  0.149955
27.85  0.141077
27.9  0.130988
27.95  0.120232
28  0.109357
28.05  0.0988831
28.1  0.0892822
28.15  0.0809448
28.2  0.0741573
28.25  0.0690809
28.3  0.0657415
28.35  0.0640348
28.4  0.063748
28.45  0.0645943
28.5  0.0662543
28.55  0.0684124
28.6  0.0707857
28.65  0.0731418
28.7  0.0753076
28.75  0.0771712
28.8  0.0786794
28.85  0.0798311
28.9  0.0806698
28.95  0.0812745
29  0.08175
29.05  0.082217
29.1  0.0828018
29.15  0.0836266
29.2  0.0847993
29.25  0.0864052
29.3  0.0884985
29.35  0.0910963
29.4  0.0941744
29.45  0.0976656
29.5  0.10146
29.55  0.105409
29.6  0.10933
29.65  0.113013
29.7  0.116232
29.75  0.118752
29.8  0.120345
29.85  0.1208
29.9  0.119938
29.95  0.117625
30  0.11379
30.05  0.108436
30.1  0.101656
30.15  0.0936539
30.2  0.0847486
30.25  0.0753935
30.3  0.0661817
30.35  0.0578442
30.4  0.0512266
30.45  0.0472211
30.5  0.0466298
30.55  0.049979
30.6  0.0573809
30.65  0.0685334
30.7  0.0828268
30.75  0.0994655
30.8  0.117557
30.85  0.136173
30.9  0.154393
30.95  0.171341
31  0.186209
31.05  0.198283
31.1  0.206961
31.15  0.211763
31.2  0.212349
31.25  0.208524
31.3  0.200252
31.35  0.187671
31.4  0.171102
31.45  0.151073
31.5  0.128325
31.55  0.103834
31.6  0.0788224
31.65  0.0547749
31.7  0.0334803
31.75  0.0171484
31.8  0.00871361
31.85  0.0112218
31.9  0.0239206
31.95  0.0437922
32  0.0683781
32.05  0.0956679
32.1  0.123911
32.15  0.151571
32.2  0.177316
32.25  0.200029
32.3  0.218806
32.35  0.232953
32.4  0.241983
32.45  0.245602
32.5  0.243705
32.55  0.236372
32.6  0.223867
32.65  0.206644
32.7  0.185348
32.75  0.160822
32.8  0.134106
32.85  0.106431
32.9  0.0792087
32.95  0.0540236
33  0.0326433
33.05  0.0170996
33.1  0.00985189
33.15  0.0128138
33.2  0.0245044
33.25  0.0419451
33.3  0.0627642
33.35  0.0851082
33.4  0.107468
33.45  0.128614
33.5  0.147564
33.55  0.163567
33.6  0.176089
33.65  0.184796
33.7  0.189538
33.75  0.190331
33.8  0.187345
33.85  0.180889
33.9  0.171394
33.95  0.159401
34  0.145542
34.05  0.130519
34.1  0.115079
34.15  0.0999857
34.2  0.0859849
34.25  0.0737646
34.3  0.0639068
34.35  0.0568304
34.4  0.0527311
34.45  0.0515384
34.5  0.0529217
34.55  0.0563576
34.6  0.0612319
34.65  0.0669327
34.7  0.072913
34.75  0.0787227
34.8  0.0840195
34.85  0.088568
34.9  0.0922316
34.95  0.0949614
35  0.0967828
35.05  0.0977806
35.1  0.0980841
35.15  0.0978522
35.2  0.0972583
35.25  0.0964769
35.3  0.0956704
35.35  0.0949789
35.4  0.0945112
35.45  0.0943391
35.5  0.0944946
35.55  0.0949691
35.6  0.0957167
35.65  0.0966581
35.7  0.097687
35.75  0.0986772
35.8  0.0994903
35.85  0.0999833
35.9  0.100017
35.95  0.0994655
36  0.0982224
36.05  0.0962121
36.1  0.0933987
36.15  0.0897959
36.2  0.0854766
36.25  0.0805828
36.3  0.0753337
36.35  0.0700307
36.4  0.0650572
36.45  0.0608687
36.5  0.0579664
36.55  0.0568514
36.6  0.0579567
36.65  0.061575
36.7  0.0678042
36.75  0.076531
36.8  0.08745
36.85  0.100103
36.9  0.113919
36.95  0.128261
37  0.142452
37.05  0.155815
37.1  0.167694
37.15  0.177485
37.2  0.18465
37.25  0.188743
37.3  0.189419
37.35  0.186458
37.4  0.17977
37.45  0.16942
37.5  0.155637
37.55  0.138835
37.6  0.119628
37.65  0.0988482
37.7  0.0775631
37.75  0.0570992
37.8  0.0390802
37.85  0.0254922
37.9  0.0186724
37.95  0.0205568
38  0.0310646
38.05  0.0484317
38.1  0.070655
38.15  0.09591
38.2  0.122549
38.25  0.149088
38.3  0.174206
38.35  0.196764
38.4  0.215807
38.45  0.23057
38.5  0.240482
38.55  0.245156
38.6  0.244388
38.65  0.238158
38.7  0.226631
38.75  0.210163
38.8  0.18931
38.85  0.164839
38.9  0.137734
38.95  0.109194
39  0.0806329
39.05  0.053673
39.1  0.0301532
39.15  0.0122131
39.2  0.00274512
39.25  0.00583852
39.3  0.0193493
39.35  0.0392048
39.4  0.0628766
39.45  0.0883876
39.5  0.114086
39.55  0.138588
39.6  0.160762
39.65  0.179714
39.7  0.194781
39.75  0.205512
39.8  0.211657
39.85  0.213153
39.9  0.210107
39.95  0.202788
40  0.191618
40.05  0.177157
40.1  0.160098
40.15  0.14125
40.2  0.121517
40.25  0.101874
40.3  0.0833358
40.35  0.0669211
40.4  0.0535976
40.45  0.0441998
40.5  0.0392862
40.55  0.038949
40.6  0.0427153
40.65  0.0496825
40.7  0.0587882
40.75  0.0690165
40.8  0.0794926
40.85  0.0895092
40.9  0.0985267
40.95  0.106163
41  0.11218
41.05  0.116466
41.1  0.119023
41.15  0.119945
41.2  0.119403
41.25  0.117624
41.3  0.114874
41.35  0.111439
41.4  0.107604
41.45  0.103641
41.5  0.0997881
41.55  0.0962383
41.6  0.0931317
41.65  0.0905496
41.7  0.0885151
41.75  0.0869984
41.8  0.0859256
41.85  0.0851911
41.9  0.0846697
41.95  0.0842302
42  0.0837464
42.05  0.0831069
42.1  0.0822231
42.15  0.0810352
42.2  0.0795172
42.25  0.0776805
42.3  0.0755775
42.35  0.0733033
42.4  0.0709962
42.45  0.0688366
42.5  0.0670419
42.55  0.0658565
42.6  0.0655362
42.65  0.0663259
42.7  0.0684329
42.75  0.0720004
42.8  0.0770848
42.85  0.0836423
42.9  0.0915268
42.95  0.100495
43  0.110221
43.05  0.120313
43.1  0.130329
43.15  0.139805
43.2  0.148269
43.25  0.155263
43.3  0.160364
43.35  0.163202
43.4  0.163479
43.45  0.160985
43.5  0.155615
43.55  0.147387
43.6  0.136458
43.65  0.123141
43.7  0.107926
43.75  0.0914922
43.8  0.0747275
43.85  0.0587484
43.9  0.0449155
43.95  0.0348212
44  0.030133
44.05  0.0320766
44.1  0.0407895
44.15  0.0553714
44.2  0.0744621
44.25  0.0966144
44.3  0.120419
44.35  0.144546
44.4  0.167771
44.45  0.189
44.5  0.207282
44.55  0.221827
44.6  0.232009
44.65  0.237369
44.7  0.237622
44.75  0.232655
44.8  0.222534
44.85  0.207512
44.9  0.188045
44.95  0.164799
45  0.138663
45.05  0.11076
45.1  0.082446
45.15  0.0553113
45.2  0.031196
45.25  0.012258
45.3  0.0013361
45.35  0.00368247
45.4  0.0174723
45.45  0.0381345
45.5  0.0631131
45.55  0.0903612
45.6  0.118129
45.65  0.144918
45.7  0.169472
45.75  0.19077
45.8  0.208025
45.85  0.22067
45.9  0.228348
45.95  0.230896
46  0.228334
46.05  0.22086
46.1  0.208842
46.15  0.192814
46.2  0.173471
46.25  0.151666
46.3  0.128391
46.35  0.104769
46.4  0.0820207
46.45  0.0614495
46.5  0.0444072
46.55  0.0322464
46.6  0.0261488
46.65  0.0266431
46.7  0.0330987
46.75  0.0440223
46.8  0.0577723
46.85  0.0729029
46.9  0.0882218
46.95  0.102775
47  0.115827
47.05  0.12684
47.1  0.135456
47.15  0.141483
47.2  0.144873
47.25  0.145707
47.3  0.144177
47.35  0.140565
47.4  0.135228
47.45  0.128571
47.5  0.121033
47.55  0.113056
47.6  0.10507
47.65  0.0974626
47.7  0.0905621
47.75  0.0846172
47.8  0.0797842
47.85  0.0761217
47.9  0.0735944
47.95  0.0720868
48  0.0714247
48.05  0.0714003
48.1  0.0717979
48.15  0.0724157
48.2  0.0730817
48.25  0.0736649
48.3  0.07408
48.35  0.074289
48.4  0.0742992
48.45  0.0741589
48.5  0.0739515
48.55  0.0737886
48.6  0.0738013
48.65  0.0741306
48.7  0.0749176
48.75  0.0762912
48.8  0.0783575
48.85  0.0811883
48.9  0.0848125
48.95  0.0892089
49  0.0943029
49.05  0.0999666
49.1  0.106021
49.15  0.112244
49.2  0.118375
49.25  0.124128
49.3  0.129203
49.35  0.133298
49.4  0.136125
49.45  0.137423
49.5  0.136972
49.55  0.134612
49.6  0.130258
49.65  0.123914
49.7  0.115692
49.75  0.105825
49.8  0.0946862
49.85  0.0828021
49.9  0.0708642
49.95  0.0597364
50  0.0504435


