0.02  0.00147084
0.04  0.00506903
0.06  0.0103053
0.08  0.0168873
0.1  0.024585
0.12  0.0331992
0.14  0.0425496
0.16  0.0524688
0.18  0.0628003
0.2  0.0733967
0.22  0.084119
0.24  0.0948366
0.26  0.105427
0.28  0.115777
0.3  0.12578
0.32  0.135338
0.34  0.144363
0.36  0.152774
0.38  0.160499
0.4  0.167473
0.42  0.17364
0.44  0.178953
0.46  0.18337
0.48  0.18686
0.5  0.189397
0.52  0.190965
0.54  0.191554
0.56  0.191162
0.58  0.189795
0.6  0.187466
0.62  0.184197
0.64  0.180016
0.66  0.174961
0.68  0.169077
0.7  0.16242
0.72  0.15505
0.74  0.147041
0.76  0.138472
0.78  0.129433
0.8  0.120023
0.82  0.110349
0.84  0.10053
0.86  0.0906901
0.88  0.0809669
0.9  0.0715056
0.92  0.0624614
0.94  0.0539996
0.96  0.0462954
0.98  0.0395331
1  0.0339036
1.02  0.029596
1.04  0.026783
1.06  0.0255964
1.08  0.0260996
1.1  0.0282733
1.12  0.0320224
1.14  0.0371999
1.16  0.0436325
1.18  0.0511393
1.2  0.0595416
1.22  0.0686676
1.24  0.0783538
1.26  0.0884456
1.28  0.0987971
1.3  0.109271
1.32  0.119739
1.34  0.13008
1.36  0.140182
1.38  0.149942
1.4  0.159264
1.42  0.168061
1.44  0.176254
1.46  0.183771
1.48  0.190551
1.5  0.196538
1.52  0.201686
1.54  0.205957
1.56  0.20932
1.58  0.211753
1.6  0.213241
1.62  0.213778
1.64  0.213365
1.66  0.212013
1.68  0.209739
1.7  0.20657
1.72  0.202541
1.74  0.197694
1.76  0.192083
1.78  0.185767
1.8  0.178817
1.82  0.17131
1.84  0.163335
1.86  0.154988
1.88  0.146372
1.9  0.137602
1.92  0.128798
1.94  0.120088
1.96  0.111608
1.98  0.103499
2  0.0959027
2.02  0.0889664
2.04  0.0828335
2.06  0.077642
2.08  0.0735183
2.1  0.0705711
2.12  0.0688846
2.14  0.0685122
2.16  0.0694724
2.18  0.0717474
2.2  0.0752853
2.22  0.0800045
2.24  0.0857999
2.26  0.0925497
2.28  0.100121
2.3  0.108376
2.32  0.117173
2.34  0.126375
2.36  0.135844
2.38  0.14545
2.4  0.155067
2.42  0.164577
2.44  0.173868
2.46  0.182836
2.48  0.191385
2.5  0.199427
2.52  0.206883
2.54  0.213682
2.56  0.219763
2.58  0.22507
2.6  0.22956
2.62  0.233197
2.64  0.235951
2.66  0.237805
2.68  0.238746
2.7  0.238771
2.72  0.237888
2.74  0.236108
2.76  0.233454
2.78  0.229957
2.8  0.225655
2.82  0.220594
2.84  0.21483
2.86  0.208425
2.88  0.201451
2.9  0.193988
2.92  0.186121
2.94  0.177947
2.96  0.169567
2.98  0.161091
3  0.152634
3.02  0.144318
3.04  0.136268
3.06  0.128614
3.08  0.121486
3.1  0.115013
3.12  0.109321
3.14  0.104525
3.16  0.100732
3.18  0.0980287
3.2  0.0964824
3.22  0.0961347
3.24  0.0969993
3.26  0.0990612
3.28  0.102277
3.3  0.106579
3.32  0.111875
3.34  0.11806
3.36  0.125012
3.38  0.132605
3.4  0.140705
3.42  0.14918
3.44  0.157899
3.46  0.166732
3.48  0.175556
3.5  0.184256
3.52  0.192721
3.54  0.200849
3.56  0.208547
3.58  0.215729
3.6  0.222321
3.62  0.228252
3.64  0.233466
3.66  0.237912
3.68  0.241547
3.7  0.24434
3.72  0.246265
3.74  0.247305
3.76  0.247453
3.78  0.246706
3.8  0.245074
3.82  0.24257
3.84  0.239218
3.86  0.235049
3.88  0.230101
3.9  0.224421
3.92  0.21806
3.94  0.211082
3.96  0.203555
3.98  0.195558
4  0.187177
4.02  0.178506
4.04  0.169645
4.06  0.160706
4.08  0.151803
4.1  0.143059
4.12  0.134602
4.14  0.126563
4.16  0.119075
4.18  0.112272
4.2  0.106281
4.22  0.101222
4.24  0.0972039
4.26  0.0943155
4.28  0.0926229
4.3  0.0921645
4.32  0.0929481
4.34  0.09495
4.36  0.0981166
4.38  0.102368
4.4  0.107603
4.42  0.113704
4.44  0.120543
4.46  0.127986
4.48  0.135896
4.5  0.144136
4.52  0.152574
4.54  0.161082
4.56  0.169538
4.58  0.177827
4.6  0.185843
4.62  0.193487
4.64  0.200669
4.66  0.207306
4.68  0.213326
4.7  0.218663
4.72  0.223262
4.74  0.227075
4.76  0.230061
4.78  0.232188
4.8  0.233433
4.82  0.233778
4.84  0.233215
4.86  0.231743
4.88  0.229368
4.9  0.226104
4.92  0.221973
4.94  0.217004
4.96  0.211236
4.98  0.204714
5  0.197492
5.02  0.189633
5.04  0.18121
5.06  0.172301
5.08  0.162996
5.1  0.153394
5.12  0.143601
5.14  0.133732
5.16  0.123913
5.18  0.114273
5.2  0.104954
5.22  0.0960982
5.24  0.0878564
5.26  0.0803795
5.28  0.0738169
5.3  0.0683106
5.32  0.0639891
5.34  0.0609584
5.36  0.0592932
5.38  0.05903
5.4  0.0601629
5.42  0.0626441
5.44  0.0663891
5.46  0.0712851
5.48  0.0771987
5.5  0.083985
5.52  0.0914933
5.54  0.0995722
5.56  0.108073
5.58  0.116852
5.6  0.125771
5.62  0.1347
5.64  0.143517
5.66  0.152108
5.68  0.160366
5.7  0.168194
5.72  0.175504
5.74  0.182215
5.76  0.188255
5.78  0.193561
5.8  0.198076
5.82  0.201754
5.84  0.204555
5.86  0.206448
5.88  0.207408
5.9  0.20742
5.92  0.206476
5.94  0.204576
5.96  0.201727
5.98  0.197946
6  0.193257
6.02  0.187691
6.04  0.18129
6.06  0.174102
6.08  0.166187
6.1  0.157609
6.12  0.148445
6.14  0.138778
6.16  0.128701
6.18  0.118315
6.2  0.107731
6.22  0.0970669
6.24  0.0864495
6.26  0.0760147
6.28  0.0659074
6.3  0.0562821
6.32  0.0473039
6.34  0.0391478
6.36  0.0320007
6.38  0.0260604
6.4  0.0215308
6.42  0.0186029
6.44  0.0174204
6.46  0.0180376
6.48  0.0203999
6.5  0.0243637
6.52  0.0297382
6.54  0.0363183
6.56  0.0439036
6.58  0.0523044
6.6  0.0613433
6.62  0.0708545
6.64  0.0806829
6.66  0.0906831
6.68  0.100719
6.7  0.110663
6.72  0.120398
6.74  0.129812
6.76  0.138805
6.78  0.147282
6.8  0.155161
6.82  0.162363
6.84  0.168821
6.86  0.174476
6.88  0.179275
6.9  0.183177
6.92  0.186145
6.94  0.188153
6.96  0.189183
6.98  0.189223
7  0.188272
7.02  0.186335
7.04  0.183426
7.06  0.179566
7.08  0.174786
7.1  0.169123
7.12  0.162625
7.14  0.155346
7.16  0.147349
7.18  0.138705
7.2  0.129493
7.22  0.119802
7.24  0.109728
7.26  0.099373
7.28  0.0888501
7.3  0.0782786
7.32  0.0677861
7.34  0.0575082
7.36  0.0475888
7.38  0.0381808
7.4  0.029448
7.42  0.0215678
7.44  0.014737
7.46  0.00918332
7.48  0.00518728
7.5  0.0031076
7.52  0.00329203
7.54  0.00573223
7.56  0.0100635
7.58  0.0159228
7.6  0.0230344
7.62  0.0311765
7.64  0.0401573
7.66  0.0498026
7.68  0.0599509
7.7  0.0704507
7.72  0.0811587
7.74  0.0919397
7.76  0.102666
7.78  0.113219
7.8  0.123486
7.82  0.133363
7.84  0.142756
7.86  0.151577
7.88  0.159748
7.9  0.167198
7.92  0.173866
7.94  0.179699
7.96  0.184652
7.98  0.188689
8  0.191782
8.02  0.193911
8.04  0.195064
8.06  0.195238
8.08  0.194437
8.1  0.192673
8.12  0.189967
8.14  0.186346
8.16  0.181847
8.18  0.176513
8.2  0.170397
8.22  0.163559
8.24  0.156066
8.26  0.147997
8.28  0.139436
8.3  0.130477
8.32  0.121223
8.34  0.111784
8.36  0.102281
8.38  0.092842
8.4  0.0836056
8.42  0.0747179
8.44  0.066334
8.46  0.0586167
8.48  0.0517354
8.5  0.0458627
8.52  0.0411685
8.54  0.0378103
8.56  0.0359186
8.58  0.0355801
8.6  0.0368229
8.62  0.039612
8.64  0.043856
8.66  0.0494226
8.68  0.0561553
8.7  0.0638871
8.72  0.0724489
8.74  0.0816747
8.76  0.0914045
8.78  0.101486
8.8  0.111774
8.82  0.122131
8.84  0.132432
8.86  0.142555
8.88  0.15239
8.9  0.161837
8.92  0.170803
8.94  0.179204
8.96  0.186965
8.98  0.194021
9  0.200315
9.02  0.205798
9.04  0.21043
9.06  0.214178
9.08  0.21702
9.1  0.218939
9.12  0.219927
9.14  0.219984
9.16  0.219116
9.18  0.217338
9.2  0.214671
9.22  0.211147
9.24  0.206803
9.26  0.201684
9.28  0.195845
9.3  0.189348
9.32  0.182264
9.34  0.174672
9.36  0.16666
9.38  0.158325
9.4  0.149772
9.42  0.141114
9.44  0.132474
9.46  0.123979
9.48  0.115766
9.5  0.107975
9.52  0.100749
9.54  0.0942336
9.56  0.0885687
9.58  0.0838876
9.6  0.0803094
9.62  0.0779325
9.64  0.0768279
9.66  0.0770334
9.68  0.0785514
9.7  0.0813481
9.72  0.0853575
9.74  0.0904864
9.76  0.0966215
9.78  0.103635
9.8  0.111392
9.82  0.119751
9.84  0.128575
9.86  0.137724
9.88  0.147067
9.9  0.156477
9.92  0.165832
9.94  0.175021
9.96  0.183938
9.98  0.192486
10  0.200576
10.02  0.208129
10.04  0.215072
10.06  0.221342
10.08  0.226883
10.1  0.231648
10.12  0.235597
10.14  0.238699
10.16  0.240929
10.18  0.242272
10.2  0.242718
10.22  0.242265
10.24  0.24092
10.26  0.238698
10.28  0.235621
10.3  0.23172
10.32  0.227034
10.34  0.221609
10.36  0.215503
10.38  0.208779
10.4  0.201511
10.42  0.193781
10.44  0.18568
10.46  0.177307
10.48  0.16877
10.5  0.160183
10.52  0.151667
10.54  0.143351
10.56  0.135365
10.58  0.127843
10.6  0.12092
10.62  0.114724
10.64  0.109379
10.66  0.104996
10.68  0.101671
10.7  0.0994793
10.72  0.0984698
10.74  0.0986653
10.76  0.100059
10.78  0.102618
10.8  0.10628
10.82  0.110964
10.84  0.116571
10.86  0.122986
10.88  0.130089
10.9  0.137752
10.92  0.145848
10.94  0.154247
10.96  0.162824
10.98  0.171459
11  0.180035
11.02  0.188443
11.04  0.196579
11.06  0.204348
11.08  0.211662
11.1  0.21844
11.12  0.22461
11.14  0.230107
11.16  0.234875
11.18  0.238864
11.2  0.242034
11.22  0.244353
11.24  0.245796
11.26  0.246347
11.28  0.245998
11.3  0.244748
11.32  0.242606
11.34  0.239588
11.36  0.235719
11.38  0.231034
11.4  0.225573
11.42  0.219387
11.44  0.212536
11.46  0.205087
11.48  0.197119
11.5  0.188714
11.52  0.179969
11.54  0.170983
11.56  0.161865
11.58  0.152732
11.6  0.143705
11.62  0.134912
11.64  0.126482
11.66  0.118549
11.68  0.111247
11.7  0.104704
11.72  0.0990437
11.74  0.0943784
11.76  0.0908044
11.78  0.0883972
11.8  0.0872074
11.82  0.0872568
11.84  0.0885376
11.86  0.0910119
11.88  0.0946151
11.9  0.0992591
11.92  0.104837
11.94  0.11123
11.96  0.118309
11.98  0.12594
12  0.133988
12.02  0.14232
12.04  0.150805
12.06  0.159317
12.08  0.167736
12.1  0.175949
12.12  0.183851
12.14  0.191342
12.16  0.198334
12.18  0.204746
12.2  0.210504
12.22  0.215544
12.24  0.219811
12.26  0.223258
12.28  0.225846
12.3  0.227546
12.32  0.228336
12.34  0.228203
12.36  0.227142
12.38  0.225155
12.4  0.222255
12.42  0.218461
12.44  0.213801
12.46  0.208311
12.48  0.202034
12.5  0.195024
12.52  0.18734
12.54  0.179052
12.56  0.170238
12.58  0.160982
12.6  0.151379
12.62  0.141531
12.64  0.131547
12.66  0.121545
12.68  0.11165
12.7  0.101995
12.72  0.0927193
12.74  0.0839684
12.76  0.0758924
12.78  0.0686435
12.8  0.0623725
12.82  0.0572233
12.84  0.053325
12.86  0.0507822
12.88  0.0496649
12.9  0.0499999
12.92  0.0517669
12.94  0.0549006
12.96  0.0592983
12.98  0.0648299
13  0.0713478
13.02  0.0786957
13.04  0.0867145
13.06  0.0952472
13.08  0.104141
13.1  0.113249
13.12  0.122433
13.14  0.131562
13.16  0.140513
13.18  0.149173
13.2  0.157438
13.22  0.165211
13.24  0.172408
13.26  0.17895
13.28  0.18477
13.3  0.189808
13.32  0.194014
13.34  0.197346
13.36  0.19977
13.38  0.20126
13.4  0.201799
13.42  0.201378
13.44  0.199995
13.46  0.197655
13.48  0.194373
13.5  0.19017
13.52  0.185074
13.54  0.179123
13.56  0.172362
13.58  0.164842
13.6  0.156625
13.62  0.147778
13.64  0.13838
13.66  0.128515
13.68  0.118278
13.7  0.107769
13.72  0.0970998
13.74  0.086389
13.76  0.0757642
13.78  0.0653618
13.8  0.0553276
13.82  0.0458175
13.84  0.0369998
13.86  0.0290582
13.88  0.0221975
13.9  0.0166486
13.92  0.0126662
13.94  0.010497
13.96  0.0103008
13.98  0.0120679
14  0.0156316
14.02  0.020754
14.04  0.0271922
14.06  0.0347209
14.08  0.0431359
14.1  0.0522504
14.12  0.061892
14.14  0.0719004
14.16  0.0821259
14.18  0.0924286
14.2  0.102678
14.22  0.112752
14.24  0.122539
14.26  0.131935
14.28  0.140844
14.3  0.149181
14.32  0.156868
14.34  0.163835
14.36  0.170023
14.38  0.175378
14.4  0.179855
14.42  0.183419
14.44  0.186041
14.46  0.187699
14.48  0.188381
14.5  0.188079
14.52  0.186797
14.54  0.184542
14.56  0.181333
14.58  0.177194
14.6  0.172156
14.62  0.166262
14.64  0.159559
14.66  0.152105
14.68  0.143965
14.7  0.135214
14.72  0.125934
14.74  0.116217
14.76  0.106163
14.78  0.0958825
14.8  0.0854925
14.82  0.0751201
14.84  0.0649013
14.86  0.0549811
14.88  0.0455147
14.9  0.0366682
14.92  0.0286209
14.94  0.0215694
14.96  0.0157322
14.98  0.0113557
15  0.00870794
15.02  0.00802846
15.04  0.00941266
15.06  0.0127363
15.08  0.0177389
15.1  0.0241443
15.12  0.0317084
15.14  0.0402191
15.16  0.0494882
15.18  0.0593441
15.2  0.0696282
15.22  0.0801922
15.24  0.0908973
15.26  0.101613
15.28  0.112218
15.3  0.122598
15.32  0.132649
15.34  0.142272
15.36  0.151379
15.38  0.159888
15.4  0.167727
15.42  0.174831
15.44  0.181144
15.46  0.186615
15.48  0.191204
15.5  0.194878
15.52  0.197612
15.54  0.199387
15.56  0.200194
15.58  0.200032
15.6  0.198906
15.62  0.19683
15.64  0.193826
15.66  0.189926
15.68  0.185168
15.7  0.179599
15.72  0.173276
15.74  0.166264
15.76  0.158637
15.78  0.150478
15.8  0.141879
15.82  0.13294
15.84  0.123772
15.86  0.114494
15.88  0.105234
15.9  0.0961265
15.92  0.0873162
15.94  0.0789538
15.96  0.0711964
15.98  0.0642044
16  0.0581392
16.02  0.053157
16.04  0.0494012
16.06  0.0469925
16.08  0.0460168
16.1  0.0465159
16.12  0.0484818
16.14  0.0518591
16.16  0.0565526
16.18  0.0624381
16.2  0.0693734
16.22  0.0772072
16.24  0.0857854
16.26  0.0949552
16.28  0.104568
16.3  0.114481
16.32  0.124556
16.34  0.134665
16.36  0.144686
16.38  0.154503
16.4  0.164011
16.42  0.173111
16.44  0.181713
16.46  0.189736
16.48  0.197105
16.5  0.203758
16.52  0.209637
16.54  0.214695
16.56  0.218892
16.58  0.222199
16.6  0.224591
16.62  0.226056
16.64  0.226586
16.66  0.226185
16.68  0.224863
16.7  0.222639
16.72  0.21954
16.74  0.215602
16.76  0.210868
16.78  0.205392
16.8  0.199233
16.82  0.192462
16.84  0.185155
16.86  0.177399
16.88  0.169287
16.9  0.160922
16.92  0.152411
16.94  0.143873
16.96  0.13543
16.98  0.127209
17  0.119344
17.02  0.11197
17.04  0.105222
17.06  0.0992335
17.08  0.0941308
17.1  0.0900301
17.12  0.0870316
17.14  0.0852142
17.16  0.0846308
17.18  0.085305
17.2  0.0872287
17.22  0.0903635
17.24  0.0946427
17.26  0.0999762
17.28  0.106255
17.3  0.113358
17.32  0.121153
17.34  0.129506
17.36  0.138281
17.38  0.147342
17.4  0.15656
17.42  0.165806
17.44  0.174962
17.46  0.183915
17.48  0.192559
17.5  0.200798
17.52  0.208543
17.54  0.215715
17.56  0.222243
17.58  0.228065
17.6  0.233128
17.62  0.237387
17.64  0.240807
17.66  0.243359
17.68  0.245024
17.7  0.245792
17.72  0.245659
17.74  0.244631
17.76  0.242721
17.78  0.239949
17.8  0.236345
17.82  0.231945
17.84  0.226794
17.86  0.220943
17.88  0.214453
17.9  0.207392
17.92  0.199836
17.94  0.191869
17.96  0.183582
17.98  0.175074
18  0.166453
18.02  0.157831
18.04  0.149329
18.06  0.141071
18.08  0.133185
18.1  0.125802
18.12  0.119053
18.14  0.113064
18.16  0.107957
18.18  0.103838
18.2  0.100803
18.22  0.0989219
18.24  0.0982427
18.26  0.0987835
18.28  0.100533
18.3  0.10345
18.32  0.107466
18.34  0.112492
18.36  0.118417
18.38  0.125122
18.4  0.132475
18.42  0.140344
18.44  0.148592
18.46  0.157089
18.48  0.165705
18.5  0.174317
18.52  0.182808
18.54  0.191069
18.56  0.198999
18.58  0.206505
18.6  0.213502
18.62  0.219914
18.64  0.225674
18.66  0.230723
18.68  0.235011
18.7  0.238495
18.72  0.241142
18.74  0.242924
18.76  0.243824
18.78  0.243832
18.8  0.242944
18.82  0.241165
18.84  0.238507
18.86  0.23499
18.88  0.230642
18.9  0.225497
18.92  0.219598
18.94  0.212999
18.96  0.205757
18.98  0.197942
19  0.18963
19.02  0.180906
19.04  0.171865
19.06  0.162608
19.08  0.153247
19.1  0.1439
19.12  0.134693
19.14  0.125757
19.16  0.117229
19.18  0.109249
19.2  0.101959
19.22  0.0954955
19.24  0.0899898
19.26  0.0855599
19.28  0.0823048
19.3  0.0802981
19.32  0.0795829
19.34  0.0801678
19.36  0.0820267
19.38  0.0851007
19.4  0.0893029
19.42  0.0945244
19.44  0.100641
19.46  0.107517
19.48  0.115013
19.5  0.122989
19.52  0.131305
19.54  0.139827
19.56  0.148424
19.58  0.156974
19.6  0.165361
19.62  0.173477
19.64  0.181223
19.66  0.188507
19.68  0.195246
19.7  0.201365
19.72  0.206798
19.74  0.211486
19.76  0.21538
19.78  0.218436
19.8  0.22062
19.82  0.221906
19.84  0.222274
19.86  0.221714
19.88  0.220222
19.9  0.217802
19.92  0.214467
19.94  0.210238
19.96  0.205142
19.98  0.199217
20  0.192509


