0.05  0.0075165
0.1  0.0247337
0.15  0.0480629
0.2  0.0750535
0.25  0.103661
0.3  0.132127
0.35  0.158958
0.4  0.182922
0.45  0.203042
0.5  0.218589
0.55  0.229071
0.6  0.234216
0.65  0.23396
0.7  0.228437
0.75  0.217972
0.8  0.203075
0.85  0.184439
0.9  0.162935
0.95  0.139599
1  0.115615
1.05  0.0922903
1.1  0.0710275
1.15  0.0532785
1.2  0.0404708
1.25  0.0338063
1.3  0.0338188
1.35  0.0399525
1.4  0.0507814
1.45  0.0646356
1.5  0.079984
1.55  0.0955425
1.6  0.110281
1.65  0.123407
1.7  0.134351
1.75  0.142743
1.8  0.148395
1.85  0.15128
1.9  0.151513
1.95  0.149327
2  0.14505
2.05  0.139086
2.1  0.131885
2.15  0.12392
2.2  0.115659
2.25  0.10754
2.3  0.0999436
2.35  0.0931728
2.4  0.0874374
2.45  0.0828469
2.5  0.0794122
2.55  0.0770586
2.6  0.0756465
2.65  0.0749971
2.7  0.0749183
2.75  0.0752263
2.8  0.0757619
2.85  0.0763988
2.9  0.0770464
2.95  0.0776472
3  0.0781712
3.05  0.0786087
3.1  0.0789638
3.15  0.0792488
3.2  0.0794809
3.25  0.0796814
3.3  0.0798775
3.35  0.0801049
3.4  0.080412
3.45  0.0808626
3.5  0.0815368
3.55  0.0825286
3.6  0.0839398
3.65  0.0858689
3.7  0.0883977
3.75  0.091575
3.8  0.095402
3.85  0.0998198
3.9  0.104702
3.95  0.109856
4  0.115025
4.05  0.119905
4.1  0.124157
4.15  0.127432
4.2  0.129392
4.25  0.129732
4.3  0.128208
4.35  0.124654
4.4  0.119013
4.45  0.111351
4.5  0.101884
4.55  0.0909936
4.6  0.0792449
4.65  0.0674026
4.7  0.0564358
4.75  0.0475011
4.8  0.0418624
4.85  0.0406785
4.9  0.0446608
4.95  0.0538277
5  0.0675753
5.05  0.0849275
5.1  0.104741
5.15  0.125819
5.2  0.146984
5.25  0.167116
5.3  0.185193
5.35  0.200316
5.4  0.211731
5.45  0.21884
5.5  0.221213
5.55  0.218599
5.6  0.21093
5.65  0.198337
5.7  0.181162
5.75  0.159974
5.8  0.135586
5.85  0.109066
5.9  0.08175
5.95  0.0552477
6  0.0314687
6.05  0.0127116
6.1  0.00211071
6.15  0.00483153
6.2  0.0191957
6.25  0.0408131
6.3  0.0670506
6.35  0.0957721
6.4  0.125123
6.45  0.153492
6.5  0.179512
6.55  0.20206
6.6  0.220259
6.65  0.233468
6.7  0.241273
6.75  0.243472
6.8  0.240068
6.85  0.231263
6.9  0.217456
6.95  0.199242
7  0.177417
7.05  0.152973
7.1  0.127088
7.15  0.101119
7.2  0.0765725
7.25  0.055094
7.3  0.0384368
7.35  0.0283683
7.4  0.0262176
7.45  0.0319381
7.5  0.0439431
7.55  0.060134
7.6  0.0785961
7.65  0.0977341
7.7  0.116254
7.75  0.133137
7.8  0.147611
7.85  0.159136
7.9  0.167383
7.95  0.17221
8  0.173649
8.05  0.171881
8.1  0.167217
8.15  0.16008
8.2  0.15098
8.25  0.140488
8.3  0.129213
8.35  0.117767
8.4  0.106737
8.45  0.0966442
8.5  0.0879193
8.55  0.080866
8.6  0.0756428
8.65  0.0722546
8.7  0.0705638
8.75  0.070321
8.8  0.0712076
8.85  0.0728825
8.9  0.0750215
8.95  0.0773453
9  0.0796345
9.05  0.0817339
9.1  0.0835492
9.15  0.0850383
9.2  0.0862002
9.25  0.0870625
9.3  0.0876701
9.35  0.0880756
9.4  0.0883325
9.45  0.088491
9.5  0.088597
9.55  0.0886933
9.6  0.0888224
9.65  0.0890291
9.7  0.0893626
9.75  0.0898764
9.8  0.0906254
9.85  0.0916601
9.9  0.0930185
9.95  0.0947157
10  0.0967345
10.05  0.0990165
10.1  0.101458
10.15  0.103909
10.2  0.106178
10.25  0.108043
10.3  0.109265
10.35  0.109605
10.4  0.108845
10.45  0.106813
10.5  0.1034
10.55  0.0985816
10.6  0.0924451
10.65  0.0852022
10.7  0.0772078
10.75  0.0689711
10.8  0.061158
10.85  0.054574
10.9  0.0501114
10.95  0.0486345
11  0.050805
11.05  0.0569141
11.1  0.0668217
11.15  0.0800213
11.2  0.0957574
11.25  0.113131
11.3  0.131175
11.35  0.148914
11.4  0.16541
11.45  0.179792
11.5  0.191293
11.55  0.199265
11.6  0.203204
11.65  0.202757
11.7  0.19774
11.75  0.188153
11.8  0.174191
11.85  0.156261
11.9  0.135004
11.95  0.111305
12  0.0863124
12.05  0.0614489
12.1  0.0384413
12.15  0.0193938
12.2  0.00706991
12.25  0.00548646
12.3  0.0158294
12.35  0.0345408
12.4  0.0587894
12.45  0.0863885
12.5  0.115443
12.55  0.144278
12.6  0.171432
12.65  0.195668
12.7  0.21598
12.75  0.23159
12.8  0.241944
12.85  0.246703
12.9  0.245732
12.95  0.239103
13  0.227084
13.05  0.210152
13.1  0.188993
13.15  0.164509
13.2  0.137818
13.25  0.110247
13.3  0.0833269
13.35  0.0587781
13.4  0.0385204
13.45  0.0246899
13.5  0.0194379
13.55  0.0236953
13.6  0.035973
13.65  0.0537289
13.7  0.0746644
13.75  0.0968931
13.8  0.118875
13.85  0.139368
13.9  0.157403
13.95  0.172259
14  0.183451
14.05  0.190705
14.1  0.193941
14.15  0.193257
14.2  0.18891
14.25  0.181297
14.3  0.17094
14.35  0.158461
14.4  0.144564
14.45  0.130003
14.5  0.115549
14.55  0.101952
14.6  0.0898957
14.65  0.0799477
14.7  0.072509
14.75  0.0677674
14.8  0.0656721
14.85  0.0659466
14.9  0.0681442
14.95  0.0717288
15  0.0761538
15.05  0.0809226
15.1  0.0856229
15.15  0.0899417
15.2  0.0936663
15.25  0.0966757
15.3  0.0989278
15.35  0.100443
15.4  0.101288
15.45  0.101559
15.5  0.101364
15.55  0.100815
15.6  0.100015
15.65  0.0990528
15.7  0.0980027
15.75  0.0969221
15.8  0.0958566
15.85  0.0948439
15.9  0.0939173
15.95  0.093109
16  0.0924504
16.05  0.0919705
16.1  0.0916912
16.15  0.0916211
16.2  0.0917487
16.25  0.092036
16.3  0.0924144
16.35  0.0927842
16.4  0.0930178
16.45  0.0929684
16.5  0.0924815
16.55  0.0914111
16.6  0.0896373
16.65  0.0870856
16.7  0.0837463
16.75  0.0796924
16.8  0.0750951
16.85  0.0702345
16.9  0.0655032
16.95  0.061396
17  0.0584814
17.05  0.0573447
17.1  0.0585039
17.15  0.0623153
17.2  0.0689007
17.25  0.0781224
17.3  0.0896083
17.35  0.102801
17.4  0.117018
17.45  0.131499
17.5  0.14546
17.55  0.158128
17.6  0.16878
17.65  0.176771
17.7  0.181556
17.75  0.182717
17.8  0.179975
17.85  0.173214
17.9  0.162491
17.95  0.148059
18  0.130384
18.05  0.110159
18.1  0.0883288
18.15  0.0661007
18.2  0.0449768
18.25  0.0268116
18.3  0.0139701
18.35  0.00951558
18.4  0.0155071
18.45  0.0303525
18.5  0.0514776
18.55  0.0767349
18.6  0.104259
18.65  0.132373
18.7  0.15958
18.75  0.184571
18.8  0.206241
18.85  0.223695
18.9  0.236252
18.95  0.24344
19  0.24499
19.05  0.240834
19.1  0.231107
19.15  0.21615
19.2  0.196519
19.25  0.172992
19.3  0.146582
19.35  0.118531
19.4  0.0903168
19.45  0.0636424
19.5  0.0404545
19.55  0.0230113
19.6  0.0139929
19.65  0.0156753
19.7  0.0272062
19.75  0.045593
19.8  0.0681544
19.85  0.0927506
19.9  0.117627
19.95  0.141342
20  0.162734
20.05  0.180905
20.1  0.195206
20.15  0.205218
20.2  0.210734
20.25  0.211743
20.3  0.208416
20.35  0.201086
20.4  0.190242
20.45  0.176509
20.5  0.160631
20.55  0.143452
20.6  0.125884
20.65  0.108869
20.7  0.0933384
20.75  0.0801525
20.8  0.0700266
20.85  0.063442
20.9  0.0605558
20.95  0.0611546
21  0.0646959
21.05  0.0704321
21.1  0.0775533
21.15  0.0852974
21.2  0.0930123
21.25  0.100183
21.3  0.106434
21.35  0.111524
21.4  0.115331
21.45  0.117835
21.5  0.119097
21.55  0.119241
21.6  0.118429
21.65  0.11685
21.7  0.114694
21.75  0.112142
21.8  0.109355
21.85  0.106466
21.9  0.103577
21.95  0.100763
22  0.0980727
22.05  0.095538
22.1  0.0931789
22.15  0.0910103
22.2  0.0890462
22.25  0.0873006
22.3  0.0857866
22.35  0.0845123
22.4  0.0834755
22.45  0.0826581
22.5  0.0820221
22.55  0.0815077
22.6  0.0810357
22.65  0.0805129
22.7  0.0798423
22.75  0.0789358
22.8  0.0777296
22.85  0.076199
22.9  0.0743737
22.95  0.0723493
23  0.0702944
23.05  0.0684504
23.1  0.0671214
23.15  0.0666511
23.2  0.0673862
23.25  0.0696299
23.3  0.0735915
23.35  0.0793461
23.4  0.0868117
23.45  0.0957488
23.5  0.105777
23.55  0.116406
23.6  0.127068
23.65  0.137153
23.7  0.146049
23.75  0.15317
23.8  0.157986
23.85  0.160051
23.9  0.159028
23.95  0.154707
24  0.147027
24.05  0.136098
24.1  0.122217
24.15  0.105886
24.2  0.0878366
24.25  0.0690427
24.3  0.0507507
24.35  0.0345186
24.4  0.0222867
24.45  0.016379
24.5  0.0187347
24.55  0.0292904
24.6  0.0464008
24.65  0.0682076
24.7  0.0929855
24.75  0.119139
24.8  0.145201
24.85  0.169848
24.9  0.191921
24.95  0.210441
25  0.224621
25.05  0.233868
25.1  0.237786
25.15  0.236173
25.2  0.229025
25.25  0.216541
25.3  0.199134
25.35  0.177439
25.4  0.152329
25.45  0.124921
25.5  0.0965777
25.55  0.0689145
25.6  0.0438055
25.65  0.0234462
25.7  0.010582
25.75  0.0086548
25.8  0.0183778
25.85  0.0363648
25.9  0.0595409
25.95  0.085572
26  0.11254
26.05  0.138837
26.1  0.163133
26.15  0.18436
26.2  0.20171
26.25  0.21461
26.3  0.222717
26.35  0.225894
26.4  0.224202
26.45  0.217884
26.5  0.207356
26.55  0.193199
26.6  0.176148
26.65  0.157077
26.7  0.136975
26.75  0.116925
26.8  0.0980566
26.85  0.0814994
26.9  0.0683037
26.95  0.0593264
27  0.0550688
27.05  0.0555186
27.1  0.0601176
27.15  0.0679185
27.2  0.0778255
27.25  0.0887811
27.3  0.0998646
27.35  0.110329
27.4  0.119609
27.45  0.127309
27.5  0.133193
27.55  0.137166
27.6  0.139248
27.65  0.139559
27.7  0.138295
27.75  0.135703
27.8  0.132063
27.85  0.127663
27.9  0.122781
27.95  0.117672
28  0.112551
28.05  0.107588
28.1  0.102905
28.15  0.0985799
28.2  0.0946511
28.25  0.0911283
28.3  0.0880036
28.35  0.0852606
28.4  0.082883
28.45  0.0808586
28.5  0.0791804
28.55  0.0778444
28.6  0.0768445
28.65  0.0761671
28.7  0.0757857
28.75  0.0756577
28.8  0.0757245
28.85  0.0759151
28.9  0.0761532
28.95  0.0763675
29  0.0765034
29.05  0.0765349
29.1  0.0764746
29.15  0.0763816
29.2  0.0763633
29.25  0.0765716
29.3  0.0771915
29.35  0.078422
29.4  0.0804505
29.45  0.0834235
29.5  0.087418
29.55  0.0924196
29.6  0.0983095
29.65  0.104864
29.7  0.111767
29.75  0.118624
29.8  0.124993
29.85  0.13041
29.9  0.134421
29.95  0.136606
30  0.136611
30.05  0.134171
30.1  0.129135
30.15  0.121487
30.2  0.111369
30.25  0.0991014
30.3  0.0852
30.35  0.0703973
30.4  0.0556625
30.45  0.0422242
30.5  0.0315863
30.55  0.0254654
30.6  0.0254099
30.65  0.0320283
30.7  0.0447226
30.75  0.0622523
30.8  0.0832161
30.85  0.106213
30.9  0.129893
30.95  0.152991
31  0.174351
31.05  0.192959
31.1  0.207955
31.15  0.218652
31.2  0.22454
31.25  0.225292
31.3  0.22077
31.35  0.211032
31.4  0.196339
31.45  0.177175
31.5  0.154252
31.55  0.12853
31.6  0.101221
31.65  0.0737927
31.7  0.0479837
31.75  0.0258344
31.8  0.00985342
31.85  0.00370123
31.9  0.0105675
31.95  0.0270973
32  0.0497703
32.05  0.0761376
32.1  0.104185
32.15  0.132189
32.2  0.158682
32.25  0.182452
32.3  0.202538
32.35  0.218219
32.4  0.229008
32.45  0.234635
32.5  0.235035
32.55  0.23034
32.6  0.220866
32.65  0.207113
32.7  0.189759
32.75  0.169655
32.8  0.147807
32.85  0.125364
32.9  0.103589
32.95  0.0838129
33  0.067383
33.05  0.0555489
33.1  0.0492652
33.15  0.0488946
33.2  0.0540021
33.25  0.0634902
33.3  0.0759735
33.35  0.0900853
33.4  0.104623
33.45  0.118595
33.5  0.131227
33.55  0.141949
33.6  0.150387
33.65  0.156335
33.7  0.159744
33.75  0.160694
33.8  0.159378
33.85  0.156074
33.9  0.151125
33.95  0.144914
34  0.137841
34.05  0.1303
34.1  0.122653
34.15  0.115217
34.2  0.108246
34.25  0.101926
34.3  0.0963693
34.35  0.0916206
34.4  0.0876704
34.45  0.084468
34.5  0.081939
34.55  0.080001
34.6  0.0785766
34.65  0.0776005
34.7  0.0770232
34.75  0.0768082
34.8  0.0769275
34.85  0.077354
34.9  0.078055
34.95  0.0789867
35  0.0800923
35.05  0.0813033
35.1  0.0825443
35.15  0.0837409
35.2  0.0848292
35.25  0.0857654
35.3  0.0865342
35.35  0.0871549
35.4  0.0876836
35.45  0.0882099
35.5  0.088849
35.55  0.0897284
35.6  0.0909696
35.65  0.092668
35.7  0.0948727
35.75  0.0975696
35.8  0.100671
35.85  0.104015
35.9  0.107367
35.95  0.110441
36  0.112913
36.05  0.114452
36.1  0.11474
36.15  0.113506
36.2  0.110544
36.25  0.105746
36.3  0.0991225
36.35  0.0908216
36.4  0.0811539
36.45  0.0706077
36.5  0.0598647
36.55  0.049809
36.6  0.0415172
36.65  0.036193
36.7  0.0349749
36.75  0.0385992
36.8  0.0471397
36.85  0.0600643
36.9  0.076479
36.95  0.095322
37  0.115471
37.05  0.135808
37.1  0.155258
37.15  0.172831
37.2  0.187649
37.25  0.198965
37.3  0.206184
37.35  0.208873
37.4  0.206771
37.45  0.199799
37.5  0.188073
37.55  0.171916
37.6  0.151874
37.65  0.128729
37.7  0.103513
37.75  0.0775136
37.8  0.0522876
37.85  0.0296817
37.9  0.0119254
37.95  0.00208497
38  0.00504124
38.05  0.019061
38.1  0.0400705
38.15  0.0655767
38.2  0.093541
38.25  0.122183
38.3  0.149947
38.35  0.175507
38.4  0.197771
38.45  0.215882
38.5  0.229211
38.55  0.237351
38.6  0.240105
38.65  0.237477
38.7  0.229665
38.75  0.217063
38.8  0.200255
38.85  0.180021
38.9  0.15733
38.95  0.133328
39  0.10933
39.05  0.0867873
39.1  0.0672534
39.15  0.0523119
39.2  0.0434028
39.25  0.0414351
39.3  0.0463034
39.35  0.0568608
39.4  0.0714481
39.45  0.0883893
39.5  0.106202
39.55  0.123649
39.6  0.139742
39.65  0.153728
39.7  0.165073
39.75  0.173443
39.8  0.178687
39.85  0.180815
39.9  0.179981
39.95  0.176455
40  0.170608
40.05  0.162888
40.1  0.153792
40.15  0.143843
40.2  0.133561
40.25  0.123435
40.3  0.113898
40.35  0.105302
40.4  0.097901
40.45  0.09184
40.5  0.0871578
40.55  0.0837971
40.6  0.0816259
40.65  0.0804649
40.7  0.0801162
40.75  0.080388
40.8  0.0811126
40.85  0.0821562
40.9  0.0834208
40.95  0.0848394
41  0.0863679
41.05  0.0879746
41.1  0.08963
41.15  0.0912989
41.2  0.092936
41.25  0.0944844
41.3  0.0958793
41.35  0.0970535
41.4  0.097946
41.45  0.0985105
41.5  0.0987242
41.55  0.0985933
41.6  0.0981567
41.65  0.0974851
41.7  0.096675
41.75  0.0958396
41.8  0.0950948
41.85  0.0945428
41.9  0.0942553
41.95  0.0942583
42  0.0945217
42.05  0.0949548
42.1  0.0954102
42.15  0.0956948
42.2  0.0955876
42.25  0.0948617
42.3  0.0933097
42.35  0.0907694
42.4  0.0871495
42.45  0.0824528
42.5  0.0767983
42.55  0.0704378
42.6  0.0637688
42.65  0.0573376
42.7  0.0518259
42.75  0.0480078
42.8  0.0466571
42.85  0.0484053
42.9  0.0535928
42.95  0.0621935
43  0.073842
43.05  0.0879202
43.1  0.103647
43.15  0.120153
43.2  0.136537
43.25  0.151913
43.3  0.165446
43.35  0.176389
43.4  0.184103
43.45  0.188077
43.5  0.187951
43.55  0.183524
43.6  0.174772
43.65  0.161864
43.7  0.145175
43.75  0.125301
43.8  0.103078
43.85  0.0795885
43.9  0.0561787
43.95  0.0344783
44  0.0164662
44.05  0.00473876
44.1  0.00344449
44.15  0.0137726
44.2  0.0319279
44.25  0.0553223
44.3  0.0819381
44.35  0.109999
44.4  0.137917
44.45  0.164296
44.5  0.187946
44.55  0.207893
44.6  0.223379
44.65  0.233864
44.7  0.239015
44.75  0.238701
44.8  0.232993
44.85  0.222156
44.9  0.206658
44.95  0.187172
45  0.164578
45.05  0.139966
45.1  0.114625
45.15  0.0900364
45.2  0.0678514
45.25  0.0498661
45.3  0.0379276
45.35  0.0335871
45.4  0.0373354
45.45  0.0481528
45.5  0.0641448
45.55  0.0833372
45.6  0.103984
45.65  0.124619
45.7  0.144046
45.75  0.161325
45.8  0.175758
45.85  0.186866
45.9  0.194376
45.95  0.198203
46  0.198426
46.05  0.195273
46.1  0.189104
46.15  0.180386
46.2  0.169678
46.25  0.157599
46.3  0.144807
46.35  0.131961
46.4  0.11969
46.45  0.108555
46.5  0.0990116
46.55  0.0913807
46.6  0.0858221
46.65  0.0823293
46.7  0.080743
46.75  0.0807855
46.8  0.0821094
46.85  0.084347
46.9  0.0871528
46.95  0.0902318
47  0.0933537
47.05  0.096355
47.1  0.0991333
47.15  0.101635
47.2  0.10384
47.25  0.105749
47.3  0.107368
47.35  0.108698
47.4  0.109728
47.45  0.110435
47.5  0.110782
47.55  0.110728
47.6  0.110232
47.65  0.109266
47.7  0.107818
47.75  0.105908
47.8  0.103584
47.85  0.100928
47.9  0.0980511
47.95  0.0950852
48  0.0921717
48.05  0.0894466
48.1  0.0870241
48.15  0.0849811
48.2  0.0833448
48.25  0.0820867
48.3  0.0811232
48.35  0.080325
48.4  0.079533
48.45  0.0785802
48.5  0.0773157
48.55  0.0756295
48.6  0.0734758
48.65  0.0708924
48.7  0.0680151
48.75  0.0650845
48.8  0.0624414
48.85  0.0605079
48.9  0.0597492
48.95  0.0606144
49  0.063465
49.05  0.0685067
49.1  0.0757458
49.15  0.084981
49.2  0.0958241
49.25  0.10774
49.3  0.120094
49.35  0.132192
49.4  0.14333
49.45  0.152826
49.5  0.160057
49.55  0.164485
49.6  0.165682
49.65  0.163351
49.7  0.157347
49.75  0.147693
49.8  0.134596
49.85  0.118468
49.9  0.0999377
49.95  0.0798707
50  0.059381


