2   1.46518  1  1
2   1.13141  0.796632  0.977972
2   0.281038  0.843371  0.983035
2   1.32401  0.15799  0.908798
2   1.63143  -0.444545  0.843535
2   0.374982  -0.186713  0.871462
2   1.82555  -0.580363  0.828824
2   1.94583  -0.804543  0.804543
2   0.679  0.866667  -0.230984
2   0.484653  0.663299  -0.253012
2   -0.380192  0.710038  -0.247949
2   0.973877  0.0246574  -0.322185
2   1.42628  -0.577878  -0.387449
2   0.146003  -0.320046  -0.359522
2   1.7369  -0.713696  -0.40216
2   2.00504  -0.937876  -0.426441
2   -0.0724747  0.951178  0.549256
2   0.0487098  0.74781  0.527229
2   -1.10645  0.794549  0.532291
2   0.285686  0.109168  0.458055
2   0.344509  -0.493367  0.392792
2   -0.504205  -0.235535  0.420719
2   0.841789  -0.629185  0.378081
2   1.26403  -0.853365  0.353799
2   -0.0806008  0.810095  -0.753284
2   -0.0952082  0.606726  -0.775312
2   -1.05475  0.653466  -0.770249
2   0.514295  -0.0319151  -0.844486
2   0.956891  -0.634451  -0.909749
2   -0.220359  -0.376618  -0.881822
2   1.39404  -0.770268  -0.92446
2   1.80044  -0.994448  -0.948742
2   -0.789699  0.986697  0.877185
2   -0.721566  0.783329  0.855157
2   -1.86042  0.830068  0.86022
2   -0.550825  0.144688  0.785984
2   -0.5046  -0.457848  0.720721
2   -1.37182  -0.200015  0.748647
2   -0.04913  -0.593665  0.70601
2   0.325115  -0.817845  0.681728
2   -2.04521  0.850998  -0.375651
2   -1.51484  0.647629  -0.397679
2   -2.90712  0.694369  -0.392616
2   -1.11147  0.00898792  -0.466853
2   -1.18223  -0.593548  -0.532116
2   -1.7283  -0.335715  -0.504189
2   -0.400654  -0.729365  -0.546827
2   0.318548  -0.953545  -0.571108
2   -0.803759  0.947993  0.51985
2   -0.328284  0.744625  0.497822
2   -1.74307  0.791364  0.502885
2   -0.125069  0.105983  0.428648
2   -0.304285  -0.496552  0.363385
2   -0.804027  -0.23872  0.391312
2   0.421393  -0.63237  0.348674
2   1.06418  -0.85655  0.324393
2   -1.28122  0.804543  -0.804543
2   -0.618716  0.601174  -0.82657
2   -2.07683  0.647914  -0.821508
2   -0.106973  -0.0374671  -0.895744
2   -0.164375  -0.640003  -0.961007
2   -0.64768  -0.38217  -0.93308
2   0.710772  -0.77582  -0.975718
2   1.53482  -1  -1
