2   -3.02641  -0.372261   0.56502
2   -2.31326  0.172597   0.547171
2   -2.30932  -0.352242   0.0794032
2   -2.11007  0.223612   -0.145736
2   -1.81705  0.42282   0.322183
2   -1.69999  0.200972   0.955795
2   -1.62301  -0.614643   0.176097
2   -1.53529  -0.0976905   0.298997
2   -1.39262  0.717964   0.465401
2   -1.39096  -0.0369268   0.305139
2   -1.34102  -0.237076   -0.00498236
2   -1.11309  -0.357797   0.217293
2   -1.07814  -0.136439   -0.444342
2   -1.07243  0.416034   0.489273
2   -0.88566  0.281373   -0.464659
2   -0.853995  0.893778   0.984567
2   -0.836041  -0.329534   -0.643983
2   -0.812014  0.133357   0.262571
2   -0.780834  -0.36386   0.5144
2   -0.721602  -0.790833   -0.0988445
2   -0.564753  0.521745   0.126692
2   -0.478789  0.255738   -0.0100843
2   -0.444821  -0.564746   -0.262322
2   -0.378138  0.144011   -0.00425048
2   -0.346576  0.475903   0.870744
2   -0.262693  -0.496368   0.280125
2   -0.165862  -0.0259083   0.202524
2   -0.151927  -0.679991   -0.598658
2   -0.104335  0.162802   0.845111
2   -0.0474408  0.37971   0.549722
2   -0.00715247  -0.407354   -0.272568
2   0.0131361  0.108333   0.51102
2   0.0904048  -0.425173   0.108792
2   0.0999275  0.26061   0.382034
2   0.134383  0.958205   0.61809
2   0.148264  0.0662372   0.0125425
2   0.175242  0.195349   0.125284
2   0.188875  -0.514391   -0.854729
2   0.325249  0.129922   -0.76351
2   0.41036  0.349221   0.160378
2   0.499784  0.141234   0.226611
2   0.525019  -0.0710235   -0.185086
2   0.535516  0.0577118   0.551152
2   0.765224  -0.254531   -0.497834
2   0.804152  -0.190014   -0.423357
2   0.811125  0.514391   0.854729
2   0.819078  0.142332   0.541004
2   0.865617  -0.958205   -0.61809
2   0.98957  -0.111977   -0.191393
2   1.10433  -0.162802   -0.845111
2   1.15193  0.679991   0.598658
2   1.20044  -0.37923   -0.352968
2   1.32654  0.310016   -0.769301
2   1.34401  0.805456   -0.0316657
2   1.43784  -0.249831   -0.400517
2   1.46518  1   1
2   1.47076  -0.915538   -0.849534
2   1.53482  -1   -1
2   1.7216  0.790833   0.0988445
2   1.79607  -0.290797   -0.972514
2   1.854  -0.893778   -0.984567
2   1.92823  0.616216   -0.469754
2   2.05551  0.387754   -0.736053
2   2.0731  -0.635271   -0.950955
