0  18
1  1.31479
2  1.052
3  1.01389
4  0.991404
5  0.974262
6  0.961483
7  0.949456
8  0.937971
9  0.928695
10  0.922078
11  0.917427
12  0.913887
13  0.91098
14  0.908454
15  0.906167
16  0.904041
17  0.902035
18  0.900123
19  0.898291
20  0.89653
21  0.894829
22  0.893181
23  0.891581
24  0.890023
25  0.888501
26  0.887011
27  0.88555
28  0.884113
29  0.882697
30  0.881298
31  0.879916
32  0.878546
33  0.877186
34  0.875833
35  0.874487
36  0.873144
37  0.871801
38  0.870459
39  0.869115
40  0.867768
41  0.866416
42  0.865058
43  0.863694
44  0.862322
45  0.860941
46  0.859549
47  0.858145
48  0.856727
49  0.855296
50  0.85385
51  0.852389
52  0.850913
53  0.849421
54  0.847912
55  0.846386
56  0.844842
57  0.843281
58  0.841701
59  0.840102
60  0.838484
61  0.836847
62  0.83519
63  0.833513
64  0.831819
65  0.830106
66  0.828376
67  0.82663
68  0.824868
69  0.823091
70  0.821299
71  0.819493
72  0.81768
73  0.815861
74  0.814036
75  0.812204
76  0.810369
77  0.808534
78  0.806701
79  0.804872
80  0.803053
81  0.801245
82  0.799451
83  0.797678
84  0.795929
85  0.79421
86  0.792523
87  0.790869
88  0.789253
89  0.787678
90  0.786147
91  0.784662
92  0.783226
93  0.781842
94  0.780513
95  0.779238
96  0.77802
97  0.776859
98  0.775756
99  0.774711
100  0.773722
101  0.77279
102  0.771913
103  0.771089
104  0.770318
105  0.769598
106  0.768926
107  0.768301
108  0.767719
109  0.767178
110  0.766677
111  0.766212
112  0.765781
113  0.765382
114  0.765014
115  0.764673
116  0.764358
117  0.764066
118  0.763796
119  0.763544
120  0.763312
121  0.763095
122  0.762894
123  0.762706
124  0.762531
125  0.762368
126  0.762215
127  0.762073
128  0.76194
129  0.761812
130  0.761693
131  0.76158
132  0.761471
133  0.76137
134  0.761275
135  0.761183
136  0.761096
137  0.761014
138  0.760936
139  0.760859
140  0.760788
141  0.76072
142  0.760657
143  0.760596
144  0.760537
145  0.760482
146  0.76043
147  0.76038
148  0.760334
149  0.760289
150  0.760247
151  0.760209
