2   -18.3034  -18.7676
2   -18.1218  -18.2248
2   -17.5631  -17.3178
2   -16.7805  -16.814
2   -15.8193  -16.215
2   -15.4212  -15.6659
2   -14.7538  -15.2306
2   -14.6109  -15.0111
2   -14.3748  -14.9801
2   -14.3581  -14.4703
2   -14.0228  -14.4407
2   -13.8868  -14.1047
2   -13.6789  -13.7334
2   -13.6176  -13.7191
2   -13.4689  -13.6004
2   -13.4145  -13.5422
2   -13.3807  -13.5051
2   -13.3453  -13.433
2   -13.0596  -13.1886
2   -12.8934  -12.9991
2   -12.7857  -12.9702
2   -12.7585  -12.802
2   -12.7375  -12.732
2   -12.7143  -12.7292
2   -12.4863  -12.5076
2   -12.469  -12.4418
2   -12.2927  -12.2634
2   -12.2686  -12.1485
2   -12.0947  -12.1115
2   -12.0864  -12.0795
2   -11.8581  -11.9504
2   -11.7081  -11.7952
2   -11.536  -11.7783
2   -11.4211  -11.7219
2   -11.3195  -11.6793
2   -11.2499  -11.6184
2   -11.2339  -11.61
2   -11.1907  -11.551
2   -10.9659  -11.4272
2   -10.8647  -11.2452
2   -10.8309  -11.1402
2   -10.8158  -11.1391
2   -10.7865  -11.117
2   -10.7506  -11.0323
2   -10.6586  -10.7386
2   -10.6452  -10.6641
2   -10.6178  -10.6288
2   -10.5768  -10.6055
2   -10.4753  -10.5683
2   -10.3894  -10.5308
2   -10.3853  -10.4687
2   -10.3675  -10.4203
2   -10.3222  -10.2754
2   -10.2988  -10.1642
2   -10.1482  -10.1275
2   -10.0904  -10.1162
2   -10.045  -10.074
2   -10.0096  -10.0666
2   -9.9545  -10.0569
2   -9.94839  -10.0105
2   -9.8377  -9.97515
2   -9.8338  -9.88315
2   -9.77848  -9.85393
2   -9.7716  -9.80645
2   -9.72757  -9.74125
2   -9.63315  -9.70096
2   -9.60495  -9.68293
2   -9.54735  -9.67297
2   -9.53574  -9.57288
2   -9.45799  -9.46564
2   -9.36991  -9.42697
2   -9.30538  -9.38556
2   -9.18129  -9.35956
2   -9.16517  -9.26459
2   -9.11344  -9.21985
2   -8.97668  -9.11277
2   -8.97115  -9.06508
2   -8.96852  -9.04174
2   -8.81506  -9.01856
2   -8.79934  -8.96026
2   -8.79616  -8.8947
2   -8.75083  -8.86162
2   -8.72855  -8.84585
2   -8.67751  -8.80672
2   -8.62104  -8.77832
2   -8.59376  -8.6972
2   -8.58259  -8.68489
2   -8.45275  -8.62023
2   -8.32848  -8.6026
2   -8.31956  -8.58299
2   -8.29395  -8.55646
2   -8.26817  -8.53905
2   -8.24537  -8.49334
2   -8.13626  -8.4843
2   -8.10292  -8.4817
2   -8.07413  -8.4314
2   -8.05202  -8.32128
2   -8.01341  -8.31936
2   -7.99694  -8.26687
2   -7.95534  -8.25648
2   -7.93565  -8.22508
2   -7.90016  -8.20299
2   -7.88114  -8.10883
2   -7.85326  -8.07215
2   -7.82374  -8.07167
2   -7.80424  -7.98086
2   -7.80346  -7.94667
2   -7.78655  -7.94542
2   -7.78188  -7.91744
2   -7.76738  -7.90746
2   -7.76665  -7.86306
2   -7.72736  -7.76229
2   -7.68719  -7.74878
2   -7.66708  -7.72767
2   -7.66517  -7.6789
2   -7.61842  -7.66703
2   -7.5962  -7.55283
2   -7.58081  -7.55204
2   -7.57724  -7.54473
2   -7.54864  -7.54195
2   -7.53307  -7.4947
2   -7.51145  -7.40802
2   -7.47485  -7.39725
2   -7.47065  -7.38167
2   -7.46511  -7.34199
2   -7.39437  -7.31174
2   -7.3747  -7.29646
2   -7.36454  -7.26015
2   -7.36267  -7.23759
2   -7.34494  -7.21202
2   -7.33748  -7.20164
2   -7.32771  -7.19878
2   -7.19952  -7.16374
2   -7.16947  -7.13282
2   -7.08255  -7.09717
2   -7.07978  -7.08179
2   -7.0765  -7.06526
2   -6.95881  -7.00592
2   -6.94392  -7.00383
2   -6.91268  -6.94796
2   -6.87949  -6.91643
2   -6.83689  -6.89625
2   -6.8067  -6.83029
2   -6.8067  -6.79638
2   -6.78611  -6.77247
2   -6.77956  -6.75597
2   -6.71696  -6.74488
2   -6.7121  -6.70481
2   -6.68212  -6.67859
2   -6.63708  -6.674
2   -6.6288  -6.65956
2   -6.58147  -6.64516
2   -6.52092  -6.64155
2   -6.46633  -6.59431
2   -6.42382  -6.50362
2   -6.42037  -6.49161
2   -6.34021  -6.45916
2   -6.33654  -6.39259
2   -6.31448  -6.38441
2   -6.29314  -6.37677
2   -6.27223  -6.37574
2   -6.26297  -6.35378
2   -6.23189  -6.33534
2   -6.21666  -6.31668
2   -6.1877  -6.28137
2   -6.0796  -6.17114
2   -6.01451  -6.12819
2   -5.99971  -6.10496
2   -5.97743  -6.10278
2   -5.90546  -6.08619
2   -5.88886  -6.05165
2   -5.88736  -6.03817
2   -5.88477  -6.01983
2   -5.85401  -6.0132
2   -5.84372  -5.97178
2   -5.84352  -5.95942
2   -5.83993  -5.94423
2   -5.83312  -5.94362
2   -5.81826  -5.89474
2   -5.74378  -5.88482
2   -5.70597  -5.84896
2   -5.68011  -5.8437
2   -5.66639  -5.79364
2   -5.66393  -5.77082
2   -5.65119  -5.76164
2   -5.64298  -5.75508
2   -5.60333  -5.71571
2   -5.60193  -5.66557
2   -5.55865  -5.65969
2   -5.53609  -5.63945
2   -5.50474  -5.56161
2   -5.50251  -5.55834
2   -5.49052  -5.55679
2   -5.43896  -5.53973
2   -5.41611  -5.53677
2   -5.37503  -5.49675
2   -5.33162  -5.4852
2   -5.32661  -5.44683
2   -5.30851  -5.44216
2   -5.28716  -5.39405
2   -5.26414  -5.36866
2   -5.24656  -5.35471
2   -5.23529  -5.32347
2   -5.2197  -5.30125
2   -5.19773  -5.29049
2   -5.17054  -5.27874
2   -5.15956  -5.22208
2   -5.15802  -5.21881
2   -5.14681  -5.21183
2   -5.13862  -5.18171
2   -5.0727  -5.16484
2   -5.06429  -5.09603
2   -5.06102  -5.08447
2   -5.04709  -5.07458
2   -5.03805  -5.06441
2   -5.00875  -5.05577
2   -5.00779  -5.02763
2   -5.00618  -5.00959
2   -4.99067  -4.99132
2   -4.98938  -4.98688
2   -4.97068  -4.95464
2   -4.95774  -4.90515
2   -4.94863  -4.88106
2   -4.94291  -4.86717
2   -4.92363  -4.84919
2   -4.91864  -4.82315
2   -4.91324  -4.80893
2   -4.88907  -4.80542
2   -4.84428  -4.79168
2   -4.80627  -4.75966
2   -4.77445  -4.7528
2   -4.76775  -4.73228
2   -4.74674  -4.73045
2   -4.71852  -4.61827
2   -4.6584  -4.61715
2   -4.64229  -4.61235
2   -4.62235  -4.55891
2   -4.59286  -4.54935
2   -4.58572  -4.53588
2   -4.52243  -4.52443
2   -4.52193  -4.52154
2   -4.50605  -4.46186
2   -4.50043  -4.45068
2   -4.49289  -4.4445
2   -4.4002  -4.40302
2   -4.32361  -4.36754
2   -4.30329  -4.34688
2   -4.29414  -4.32857
2   -4.2654  -4.31412
2   -4.25413  -4.31053
2   -4.2441  -4.28994
2   -4.23629  -4.26261
2   -4.20438  -4.23747
2   -4.20015  -4.22436
2   -4.19434  -4.21462
2   -4.17386  -4.20593
2   -4.16566  -4.19987
2   -4.12682  -4.16135
2   -4.11534  -4.15139
2   -4.09136  -4.10406
2   -4.05855  -4.1021
2   -4.02285  -4.03383
2   -3.998  -4.03036
2   -3.9703  -4.01734
2   -3.96943  -3.98336
2   -3.94746  -3.98281
2   -3.90029  -3.96676
2   -3.87685  -3.94431
2   -3.87468  -3.94119
2   -3.87347  -3.92192
2   -3.85873  -3.90213
2   -3.8446  -3.89067
2   -3.84389  -3.88935
2   -3.83547  -3.88816
2   -3.79876  -3.87846
2   -3.7633  -3.87297
2   -3.74854  -3.8652
2   -3.74581  -3.79672
2   -3.69115  -3.75632
2   -3.6713  -3.74141
2   -3.66891  -3.72121
2   -3.6681  -3.70104
2   -3.63355  -3.69216
2   -3.59303  -3.6305
2   -3.59199  -3.62664
2   -3.55962  -3.62107
2   -3.47898  -3.61545
2   -3.45289  -3.60479
2   -3.43942  -3.55147
2   -3.43445  -3.54202
2   -3.41322  -3.51057
2   -3.39476  -3.4772
2   -3.37892  -3.47485
2   -3.37138  -3.40311
2   -3.36407  -3.39961
2   -3.36121  -3.39507
2   -3.35146  -3.37307
2   -3.33993  -3.35725
2   -3.29302  -3.32247
2   -3.27994  -3.31341
2   -3.276  -3.27689
2   -3.27529  -3.25091
2   -3.2723  -3.23711
2   -3.26203  -3.21497
2   -3.24723  -3.20827
2   -3.24029  -3.19028
2   -3.2381  -3.16883
2   -3.22397  -3.12219
2   -3.22382  -3.11613
2   -3.19015  -3.11127
2   -3.17822  -3.10032
2   -3.16128  -3.07468
2   -3.14108  -3.04913
2   -3.12964  -3.00752
2   -3.03746  -2.97913
2   -3.02541  -2.96695
2   -3.0024  -2.94807
2   -2.99806  -2.94673
2   -2.9547  -2.93327
2   -2.94519  -2.91898
2   -2.92491  -2.90072
2   -2.86136  -2.86852
2   -2.82824  -2.8336
2   -2.79217  -2.81924
2   -2.78232  -2.79833
2   -2.74399  -2.78001
2   -2.71039  -2.77809
2   -2.70782  -2.77498
2   -2.66937  -2.77321
2   -2.65778  -2.75432
2   -2.63  -2.72067
2   -2.60548  -2.70168
2   -2.57818  -2.66973
2   -2.57078  -2.6604
2   -2.54572  -2.6374
2   -2.53628  -2.614
2   -2.512  -2.5973
2   -2.50861  -2.56699
2   -2.49962  -2.56326
2   -2.46647  -2.5501
2   -2.44529  -2.51371
2   -2.43046  -2.49393
2   -2.42956  -2.47565
2   -2.42902  -2.45525
2   -2.4227  -2.45136
2   -2.41068  -2.44316
2   -2.35964  -2.44022
2   -2.35577  -2.43985
2   -2.33972  -2.42636
2   -2.32442  -2.35769
2   -2.30963  -2.34065
2   -2.30706  -2.33281
2   -2.27255  -2.31947
2   -2.2571  -2.30588
2   -2.25659  -2.25714
2   -2.24984  -2.24207
2   -2.22429  -2.22868
2   -2.22186  -2.21592
2   -2.18735  -2.21469
2   -2.1438  -2.19851
2   -2.13721  -2.18972
2   -2.11115  -2.17652
2   -2.09223  -2.15468
2   -2.06089  -2.143
2   -2.0502  -2.12936
2   -2.04573  -2.12718
2   -2.0392  -2.11337
2   -2.00815  -2.10149
2   -1.96451  -2.07393
2   -1.9377  -2.05899
2   -1.93422  -2.04955
2   -1.91477  -2.00846
2   -1.89797  -1.98693
2   -1.88791  -1.97148
2   -1.86726  -1.93834
2   -1.84611  -1.92484
2   -1.83251  -1.90641
2   -1.79994  -1.88165
2   -1.7922  -1.87613
2   -1.77033  -1.872
2   -1.76356  -1.83023
2   -1.75969  -1.82881
2   -1.74579  -1.81902
2   -1.74452  -1.77668
2   -1.70292  -1.75366
2   -1.69248  -1.73806
2   -1.68944  -1.70768
2   -1.65037  -1.69669
2   -1.64831  -1.67187
2   -1.63446  -1.65206
2   -1.62358  -1.62996
2   -1.62309  -1.61979
2   -1.61225  -1.5746
2   -1.6045  -1.57241
2   -1.59399  -1.57121
2   -1.58807  -1.55786
2   -1.58131  -1.5556
2   -1.58043  -1.54952
2   -1.53617  -1.53339
2   -1.51613  -1.52675
2   -1.50442  -1.51062
2   -1.45367  -1.49178
2   -1.42672  -1.48671
2   -1.36467  -1.43199
2   -1.34416  -1.42
2   -1.34393  -1.41279
2   -1.32852  -1.38741
2   -1.32824  -1.37762
2   -1.32014  -1.35296
2   -1.31206  -1.34271
2   -1.30718  -1.33617
2   -1.30045  -1.31958
2   -1.29933  -1.31359
2   -1.29488  -1.29058
2   -1.28828  -1.27902
2   -1.27772  -1.23904
2   -1.27707  -1.23309
2   -1.26516  -1.20979
2   -1.25856  -1.20655
2   -1.24761  -1.17179
2   -1.24214  -1.16941
2   -1.21821  -1.13903
2   -1.19807  -1.13385
2   -1.19569  -1.12842
2   -1.16734  -1.11164
2   -1.16729  -1.09756
2   -1.161  -1.0809
2   -1.15109  -1.06158
2   -1.15002  -1.04654
2   -1.11699  -1.03876
2   -1.07046  -1.01349
2   -1.06673  -1.0049
2   -1.06637  -0.997076
2   -1.0557  -0.993138
2   -1.05121  -0.968163
2   -1.00561  -0.961122
2   -1.00363  -0.958107
2   -0.97742  -0.942394
2   -0.958681  -0.941667
2   -0.955818  -0.877716
2   -0.942287  -0.86849
2   -0.890147  -0.867561
2   -0.876192  -0.860813
2   -0.875011  -0.827964
2   -0.837858  -0.825621
2   -0.825561  -0.794736
2   -0.812546  -0.77527
2   -0.797688  -0.746201
2   -0.790071  -0.737683
2   -0.787264  -0.719787
2   -0.785669  -0.712687
2   -0.785475  -0.710775
2   -0.781406  -0.703506
2   -0.743894  -0.681599
2   -0.719548  -0.680975
2   -0.699948  -0.667673
2   -0.697284  -0.650507
2   -0.647455  -0.64314
2   -0.646596  -0.598347
2   -0.63737  -0.586415
2   -0.613583  -0.572255
2   -0.584298  -0.569642
2   -0.583137  -0.562724
2   -0.547519  -0.545108
2   -0.511192  -0.530965
2   -0.496496  -0.529429
2   -0.46453  -0.524441
2   -0.436602  -0.519597
2   -0.435319  -0.486745
2   -0.429313  -0.474129
2   -0.419167  -0.426576
2   -0.402575  -0.41182
2   -0.400002  -0.408552
2   -0.353349  -0.377853
2   -0.332685  -0.363521
2   -0.308457  -0.338218
2   -0.306796  -0.286992
2   -0.302817  -0.27232
2   -0.275486  -0.264894
2   -0.26269  -0.248476
2   -0.259049  -0.241368
2   -0.248917  -0.229156
2   -0.244024  -0.210241
2   -0.225024  -0.185475
2   -0.172618  -0.18522
2   -0.161987  -0.152088
2   -0.156426  -0.128278
2   -0.147387  -0.127886
2   -0.121495  -0.121157
2   -0.116334  -0.0963693
2   -0.0961854  -0.0776952
2   -0.0553334  -0.0621737
2   -0.0459946  -0.0619253
2   -0.024339  -0.0496595
2   0.00450912  -0.0463083
2   0.0109587  -0.0171562
2   0.0124088  -0.0150586
2   0.0189097  0.0151578
2   0.0206159  0.0355443
2   0.0221588  0.0434768
2   0.0317757  0.0471919
2   0.072378  0.0754712
2   0.0814611  0.0870961
2   0.116569  0.0884678
2   0.129725  0.0999146
2   0.133889  0.108246
2   0.14439  0.115751
2   0.162704  0.128298
2   0.167909  0.132221
2   0.190011  0.173708
2   0.209165  0.208088
2   0.220478  0.210156
2   0.221765  0.237238
2   0.224571  0.250815
2   0.249438  0.252305
2   0.250798  0.27112
2   0.279459  0.280785
2   0.298817  0.283086
2   0.324191  0.290724
2   0.355958  0.291699
2   0.393436  0.322096
2   0.402042  0.371223
2   0.415483  0.381575
2   0.425229  0.389999
2   0.438996  0.421251
2   0.447103  0.440437
2   0.45513  0.470184
2   0.466292  0.484781
2   0.478979  0.508209
2   0.484758  0.526191
2   0.493953  0.535789
2   0.500338  0.551299
2   0.504737  0.559124
2   0.523284  0.562696
2   0.525778  0.575827
2   0.531957  0.598581
2   0.535773  0.604765
2   0.597502  0.639821
2   0.62549  0.65221
2   0.629035  0.67093
2   0.633299  0.686898
2   0.668302  0.692685
2   0.677677  0.709986
2   0.683193  0.724636
2   0.686954  0.745457
2   0.707946  0.769216
2   0.712984  0.775749
2   0.731684  0.793275
2   0.733787  0.801586
2   0.767895  0.808614
2   0.771304  0.837022
2   0.771858  0.858804
2   0.827397  0.868399
2   0.835194  0.871286
2   0.874303  0.875079
2   0.882088  0.880875
2   0.888096  0.925504
2   0.917573  0.92925
2   0.925387  0.938682
2   0.928112  0.960085
2   0.951724  0.989639
2   0.959988  1.00377
2   0.965597  1.04821
2   0.996565  1.06478
2   1.00208  1.08743
2   1.00491  1.09955
2   1.00719  1.1085
2   1.04153  1.10862
2   1.04294  1.10892
2   1.04542  1.12675
2   1.04868  1.16671
2   1.08477  1.18544
2   1.08613  1.19477
2   1.10666  1.2101
2   1.16695  1.22526
2   1.18956  1.22699
2   1.19499  1.23011
2   1.22233  1.2459
2   1.22246  1.27039
2   1.24692  1.2737
2   1.25233  1.29107
2   1.28921  1.30921
2   1.29562  1.31786
2   1.31013  1.33337
2   1.32542  1.34052
2   1.33104  1.39473
2   1.33844  1.39852
2   1.33982  1.39895
2   1.39372  1.40717
2   1.43452  1.41129
2   1.43559  1.42006
2   1.46105  1.4241
2   1.46806  1.45768
2   1.47097  1.4628
2   1.49495  1.47178
2   1.50426  1.47411
2   1.51097  1.47605
2   1.52296  1.48034
2   1.5577  1.5189
2   1.57381  1.62139
2   1.57607  1.6478
2   1.58956  1.65162
2   1.61294  1.65172
2   1.63166  1.69722
2   1.63382  1.70019
2   1.6359  1.73742
2   1.6362  1.74703
2   1.65075  1.75277
2   1.67904  1.77909
2   1.74109  1.78194
2   1.79405  1.7975
2   1.86086  1.8043
2   1.86176  1.81237
2   1.86568  1.82024
2   1.8724  1.83072
2   1.88277  1.8741
2   1.88496  1.89896
2   1.90481  1.9046
2   1.90532  1.91336
2   1.9502  1.92301
2   1.97371  1.92514
2   2.03663  1.96527
2   2.06414  1.98372
2   2.07144  1.99998
2   2.07882  2.02534
2   2.08508  2.03779
2   2.0952  2.04401
2   2.10188  2.05677
2   2.11126  2.06269
2   2.12818  2.07052
2   2.16876  2.1117
2   2.18238  2.1447
2   2.19138  2.16047
2   2.19509  2.1645
2   2.22262  2.1739
2   2.24365  2.1765
2   2.25208  2.2246
2   2.25333  2.24877
2   2.25516  2.26853
2   2.25781  2.27549
2   2.26222  2.28402
2   2.26813  2.28721
2   2.27627  2.32331
2   2.28632  2.35905
2   2.31336  2.36146
2   2.36757  2.36703
2   2.43156  2.39503
2   2.44793  2.39882
2   2.46788  2.44154
2   2.4945  2.45518
2   2.49584  2.47889
2   2.49896  2.49812
2   2.51518  2.50857
2   2.51753  2.51429
2   2.51861  2.52489
2   2.52348  2.53196
2   2.52624  2.55269
2   2.53261  2.55784
2   2.58196  2.58812
2   2.59227  2.59096
2   2.60021  2.59111
2   2.60031  2.60665
2   2.61702  2.615
2   2.63199  2.63085
2   2.63788  2.64482
2   2.67478  2.65658
2   2.71406  2.67279
2   2.72459  2.67888
2   2.73038  2.68056
2   2.77037  2.70806
2   2.77497  2.77819
2   2.78365  2.78513
2   2.78499  2.79558
2   2.79013  2.80635
2   2.80503  2.8152
2   2.8051  2.82312
2   2.8106  2.82998
2   2.81202  2.85103
2   2.82813  2.86749
2   2.82954  2.90998
2   2.83763  2.93897
2   2.84125  2.94788
2   2.84728  2.95454
2   2.86158  2.97058
2   2.86798  2.97418
2   2.88923  2.98744
2   2.90016  2.99547
2   2.90656  3.02146
2   2.92376  3.02334
2   2.9611  3.02525
2   2.98012  3.05281
2   2.99498  3.05881
2   3.00148  3.0794
2   3.01106  3.08689
2   3.03909  3.10348
2   3.10582  3.11515
2   3.1107  3.11892
2   3.11983  3.14471
2   3.12287  3.15137
2   3.127  3.19479
2   3.12937  3.1954
2   3.12984  3.20027
2   3.15277  3.23963
2   3.21486  3.26447
2   3.21818  3.30212
2   3.22249  3.36018
2   3.25032  3.36282
2   3.26085  3.39442
2   3.26212  3.4034
2   3.268  3.40707
2   3.27425  3.43897
2   3.29481  3.46403
2   3.31556  3.47052
2   3.33343  3.47875
2   3.34367  3.49194
2   3.34495  3.49887
2   3.35773  3.53349
2   3.37303  3.56673
2   3.37479  3.57731
2   3.38631  3.58143
2   3.42086  3.59199
2   3.4253  3.59521
2   3.42807  3.62215
2   3.44619  3.64023
2   3.46993  3.67636
2   3.47766  3.68041
2   3.49255  3.6898
2   3.49305  3.6971
2   3.51618  3.71626
2   3.52376  3.725
2   3.56132  3.72577
2   3.57542  3.73403
2   3.60185  3.7602
2   3.61579  3.76973
2   3.62258  3.81015
2   3.63459  3.82553
2   3.68312  3.83405
2   3.72414  3.84421
2   3.78692  3.85379
2   3.79916  3.85556
2   3.8537  3.85789
2   3.88131  3.88247
2   3.94902  3.90142
2   3.94968  3.95548
2   3.96577  3.95585
2   3.97742  3.96499
2   3.98532  3.9913
2   3.99415  4.01246
2   4.06038  4.03217
2   4.10587  4.08126
2   4.13584  4.0975
2   4.15194  4.10031
2   4.15481  4.13543
2   4.20787  4.15056
2   4.24992  4.1887
2   4.25792  4.19216
2   4.25817  4.21439
2   4.25899  4.21568
2   4.28164  4.21621
2   4.28402  4.2575
2   4.28499  4.27534
2   4.29914  4.29323
2   4.30215  4.30592
2   4.31782  4.32906
2   4.35912  4.33876
2   4.41036  4.34194
2   4.42496  4.42271
2   4.48615  4.43698
2   4.48971  4.45375
2   4.49867  4.46239
2   4.52572  4.49147
2   4.52851  4.49677
2   4.56946  4.50224
2   4.57877  4.5026
2   4.59265  4.53753
2   4.60103  4.55872
2   4.62764  4.56521
2   4.62819  4.59817
2   4.63537  4.61484
2   4.63539  4.62071
2   4.64903  4.62141
2   4.65788  4.6362
2   4.71982  4.67325
2   4.72003  4.68914
2   4.74604  4.71794
2   4.79056  4.72046
2   4.82392  4.7742
2   4.83683  4.82164
2   4.86695  4.83143
2   4.87153  4.86991
2   4.88243  4.91791
2   4.88824  4.9523
2   4.89284  4.96906
2   4.89318  4.98425
2   4.91554  5.0195
2   4.93988  5.04945
2   5.00995  5.07771
2   5.03648  5.11643
2   5.04973  5.12616
2   5.06605  5.15162
2   5.11145  5.16884
2   5.13435  5.17963
2   5.14261  5.21755
2   5.16128  5.22195
2   5.16873  5.22532
2   5.17061  5.22884
2   5.22386  5.24287
2   5.25288  5.25122
2   5.25529  5.26143
2   5.28206  5.27907
2   5.2928  5.2963
2   5.29937  5.33398
2   5.31369  5.34919
2   5.31388  5.35378
2   5.31519  5.35676
2   5.32169  5.39066
2   5.33461  5.40363
2   5.36851  5.43415
2   5.37481  5.43556
2   5.37936  5.47035
2   5.43097  5.50306
2   5.43305  5.52161
2   5.44148  5.53055
2   5.47355  5.54683
2   5.52006  5.57379
2   5.52213  5.57806
2   5.53147  5.62866
2   5.54861  5.65155
2   5.62048  5.67345
2   5.62323  5.70307
2   5.65363  5.74349
2   5.67414  5.76941
2   5.69142  5.80182
2   5.69208  5.80341
2   5.69543  5.81433
2   5.73246  5.82703
2   5.73298  5.85695
2   5.74015  5.85812
2   5.79785  5.87105
2   5.82319  5.88947
2   5.82979  5.89213
2   5.83692  5.93236
2   5.84314  5.98832
2   5.85155  5.99681
2   5.85299  6.00153
2   5.87856  6.04469
2   5.9323  6.04777
2   5.95054  6.0486
2   5.9564  6.07707
2   5.96228  6.14052
2   5.97737  6.1731
2   6.01544  6.20342
2   6.02164  6.22838
2   6.15145  6.24793
2   6.1608  6.28599
2   6.18751  6.29023
2   6.18877  6.30765
2   6.26931  6.31595
2   6.34204  6.31825
2   6.34409  6.34185
2   6.34724  6.37803
2   6.37604  6.38426
2   6.37726  6.44251
2   6.39438  6.45954
2   6.4162  6.54664
2   6.43821  6.55091
2   6.52532  6.58064
2   6.53989  6.59983
2   6.54429  6.62599
2   6.60053  6.63879
2   6.6423  6.64148
2   6.66624  6.64769
2   6.68306  6.68567
2   6.7072  6.7819
2   6.70771  6.78314
2   6.71507  6.79457
2   6.72309  6.81774
2   6.73313  6.82485
2   6.77919  6.82917
2   6.80844  6.84535
2   6.83425  6.85351
2   6.83986  6.86142
2   6.85518  6.90906
2   6.86918  6.91051
2   6.89493  7.00031
2   6.96624  7.02429
2   6.99627  7.03803
2   7.01484  7.0573
2   7.03462  7.11302
2   7.07354  7.11437
2   7.11981  7.1433
2   7.16777  7.17007
2   7.16971  7.17186
2   7.17621  7.20225
2   7.19354  7.23081
2   7.2  7.25749
2   7.23707  7.27476
2   7.24622  7.28425
2   7.25361  7.2896
2   7.26348  7.30159
2   7.26479  7.3375
2   7.31083  7.40786
2   7.31865  7.4383
2   7.35597  7.50017
2   7.41405  7.53262
2   7.42246  7.54888
2   7.49362  7.55314
2   7.5432  7.55723
2   7.55205  7.56255
2   7.55723  7.58027
2   7.59436  7.61517
2   7.67289  7.63762
2   7.70179  7.6651
2   7.71735  7.73593
2   7.73469  7.76166
2   7.74192  7.76951
2   7.75241  7.77111
2   7.76447  7.78644
2   7.77194  7.82308
2   7.77203  7.87198
2   7.81348  7.88411
2   7.84436  7.90537
2   7.84916  7.91746
2   7.85858  7.94253
2   7.90117  7.97961
2   7.9238  7.99126
2   7.93105  8.02623
2   7.939  8.02747
2   7.94571  8.11325
2   8.01169  8.16221
2   8.01702  8.18278
2   8.03896  8.23153
2   8.09766  8.26385
2   8.13016  8.30823
2   8.169  8.35663
2   8.19936  8.36853
2   8.21642  8.37256
2   8.29  8.38315
2   8.30083  8.46604
2   8.30645  8.48854
2   8.37066  8.50003
2   8.43951  8.50765
2   8.48259  8.51664
2   8.52823  8.53765
2   8.56572  8.58513
2   8.58954  8.60838
2   8.6768  8.64883
2   8.69609  8.68988
2   8.75843  8.72116
2   8.79162  8.74732
2   8.7952  8.7792
2   8.87955  8.79818
2   8.88945  8.84652
2   8.91054  8.85651
2   8.91456  8.93679
2   8.92784  8.98281
2   8.96156  8.98706
2   8.99146  9.03141
2   9.02169  9.04721
2   9.04401  9.12196
2   9.10463  9.16688
2   9.10745  9.1903
2   9.11025  9.19601
2   9.13178  9.24479
2   9.31172  9.2613
2   9.3322  9.27456
2   9.3323  9.36483
2   9.35691  9.38241
2   9.39803  9.39963
2   9.48098  9.42312
2   9.51547  9.453
2   9.52495  9.54085
2   9.54577  9.54504
2   9.5527  9.61028
2   9.55308  9.63243
2   9.58696  9.69534
2   9.59448  9.76539
2   9.69803  9.77687
2   9.72112  9.79719
2   9.77446  9.82977
2   9.77998  9.8909
2   9.78755  9.89629
2   9.80882  9.91873
2   9.81442  9.94133
2   9.84364  9.9662
2   9.85455  9.99125
2   9.92443  10.0104
2   9.94112  10.1398
2   9.95977  10.2355
2   10.0581  10.2685
2   10.1616  10.2783
2   10.163  10.2914
2   10.1674  10.3287
2   10.2932  10.4428
2   10.3269  10.4514
2   10.3638  10.4755
2   10.4428  10.5322
2   10.5216  10.5327
2   10.5232  10.5384
2   10.5367  10.7181
2   10.7043  10.8663
2   10.7945  11.019
2   10.8687  11.0239
2   10.9755  11.0436
2   11.0606  11.074
2   11.1305  11.0864
2   11.1337  11.1297
2   11.1842  11.1885
2   11.2474  11.1907
2   11.2499  11.2325
2   11.2538  11.3329
2   11.3055  11.5583
2   11.3436  11.6419
2   11.6912  11.7701
2   11.7401  11.8382
2   11.745  11.9291
2   11.8996  11.9469
2   11.9254  12.1963
2   12.0888  12.4015
2   12.4436  12.5032
2   12.6828  12.8703
2   13.0876  13.0977
2   13.1824  13.2638
2   13.5168  13.5875
