2   -18.7676  -0.766162   0.973027
2   -18.2248  0.490201   0.944435
2   -17.3178  0.00380421   0.932958
2   -16.814  -0.944388   0.891447
2   -16.215  -0.496971   0.929722
2   -15.6659  -0.590763   0.852617
2   -15.2306  -0.642534   0.814475
2   -15.0111  -0.122575   0.926107
2   -14.9801  -0.791441   0.62887
2   -14.4703  -0.0895941   0.944352
2   -14.4407  0.331087   0.976235
2   -14.1047  -0.526218   0.712686
2   -13.7334  -0.921949   0.701151
2   -13.7191  -0.511171   0.773773
2   -13.6004  0.0905507   0.521779
2   -13.5422  -0.680227   0.928342
2   -13.5051  -0.0690266   0.890015
2   -13.433  0.887236   0.960517
2   -13.1886  0.566261   0.910214
2   -12.9991  0.10457   0.777297
2   -12.9702  -0.839087   0.355925
2   -12.802  -0.0288175   0.663011
2   -12.732  -0.128517   0.543886
2   -12.7292  -0.874426   0.713299
2   -12.5076  0.539254   0.943547
2   -12.4418  -0.0904198   0.531036
2   -12.2634  -0.405493   0.675123
2   -12.1485  -0.995215   0.645466
2   -12.1115  0.0380748   0.55464
2   -12.0795  -0.328174   0.686325
2   -11.9504  -0.565211   0.23139
2   -11.7952  -0.32786   0.646408
2   -11.7783  0.624357   0.932952
2   -11.7219  -0.631627   0.462345
2   -11.6793  0.113928   0.959584
2   -11.6184  -0.343403   0.442286
2   -11.61  -0.0436684   0.913298
2   -11.551  0.0273216   0.90894
2   -11.4272  -0.349496   0.751235
2   -11.2452  -0.149205   0.365616
2   -11.1402  0.209503   0.905234
2   -11.1391  -0.249972   0.861155
2   -11.117  -0.0011117   0.662667
2   -11.0323  -0.283796   0.830074
2   -10.7386  0.169881   0.890444
2   -10.6641  0.0447387   -0.222822
2   -10.6288  -0.00775686   0.423335
2   -10.6055  -0.289302   0.191095
2   -10.5683  0.369971   0.968027
2   -10.5308  0.246916   0.434328
2   -10.4687  -0.457383   0.272377
2   -10.4203  0.130644   0.627924
2   -10.2754  -0.550842   0.111129
2   -10.1642  -0.940436   0.565255
2   -10.1275  0.163938   0.873296
2   -10.1162  -0.576824   0.253746
2   -10.074  -0.339903   0.823141
2   -10.0666  -0.330698   0.657628
2   -10.0569  0.0917031   0.882562
2   -10.0105  -0.950912   0.767419
2   -9.97515  -0.0486992   0.70249
2   -9.88315  -0.785375   0.698145
2   -9.85393  -0.00602649   0.681858
2   -9.80645  -0.292698   0.719993
2   -9.74125  -0.60334   0.529249
2   -9.70096  -0.0282198   0.330285
2   -9.68293  0.109145   0.237872
2   -9.67297  -0.331818   0.795426
2   -9.57288  -0.305154   0.373672
2   -9.46564  -0.159155   0.683256
2   -9.42697  0.32022   0.372997
2   -9.38556  -0.38899   -0.0312178
2   -9.35956  -0.35302   0.42631
2   -9.26459  -0.872535   -0.389706
2   -9.21985  0.988455   0.989178
2   -9.11277  -0.554618   -0.000275497
2   -9.06508  -0.185474   0.409285
2   -9.04174  -0.115245   0.984871
2   -9.01856  -0.0393784   0.526317
2   -8.96026  0.123502   0.712741
2   -8.8947  0.501198   0.944696
2   -8.86162  -0.784054   0.14801
2   -8.84585  0.470236   0.847012
2   -8.80672  -0.235385   0.600064
2   -8.77832  -0.176365   0.303571
2   -8.6972  -0.372188   0.31994
2   -8.68489  -0.23523   0.630816
2   -8.62023  -0.039772   0.177135
2   -8.6026  -0.89723   0.552609
2   -8.58299  -0.186656   0.450729
2   -8.55646  0.373058   0.748115
2   -8.53905  -0.493769   0.44987
2   -8.49334  -0.0645156   0.899819
2   -8.4843  -0.173823   0.568497
2   -8.4817  0.423222   0.816611
2   -8.4314  0.332004   0.301424
2   -8.32128  0.0536727   0.217731
2   -8.31936  -0.204064   0.413617
2   -8.26687  -0.863298   0.161205
2   -8.25648  -0.13984   0.721388
2   -8.22508  0.0843364   0.444132
2   -8.20299  -0.402743   0.495299
2   -8.10883  0.700307   0.682821
2   -8.07215  -0.226804   0.0104187
2   -8.07167  0.144271   0.689584
2   -7.98086  -0.37046   0.367573
2   -7.94667  0.386906   0.489434
2   -7.94542  -0.465826   0.379004
2   -7.91744  0.420859   0.960662
2   -7.90746  -0.311289   0.180099
2   -7.86306  -0.475648   0.548763
2   -7.76229  0.210199   0.774239
2   -7.74878  -0.604409   0.337432
2   -7.72767  -0.382881   0.104357
2   -7.6789  0.010719   -0.147891
2   -7.66703  0.0199751   0.495421
2   -7.55283  0.207513   0.863227
2   -7.55204  -0.938805   -0.282422
2   -7.54473  0.33674   0.914712
2   -7.54195  0.536565   0.991341
2   -7.4947  -0.623731   0.18025
2   -7.40802  -0.239754   -0.271767
2   -7.39725  -0.115406   0.395368
2   -7.38167  0.464574   0.655412
2   -7.34199  -0.795275   0.547665
2   -7.31174  -0.334862   0.1697
2   -7.29646  -0.646131   0.434748
2   -7.26015  0.191899   0.0292672
2   -7.23759  -0.589251   0.162164
2   -7.21202  -0.028131   0.284385
2   -7.20164  0.283113   0.655041
2   -7.19878  0.387343   -0.000728118
2   -7.16374  -0.794809   0.21936
2   -7.13282  0.136777   0.154979
2   -7.09717  0.182514   0.250549
2   -7.08179  0.482099   0.499807
2   -7.06526  -0.514694   0.0365919
2   -7.00592  0.102623   0.632593
2   -7.00383  0.12566   0.266094
2   -6.94796  -0.225455   -0.0784313
2   -6.91643  -0.211794   0.601265
2   -6.89625  -0.249176   0.416337
2   -6.83029  0.0546817   0.775662
2   -6.79638  -0.093868   0.423703
2   -6.77247  0.288264   0.401101
2   -6.75597  -0.0376521   0.328222
2   -6.74488  0.218257   0.562291
2   -6.70481  0.448702   0.84218
2   -6.67859  -0.284661   0.53996
2   -6.674  -0.304304   0.644464
2   -6.65956  0.167351   0.385254
2   -6.64516  -0.0827218   0.0895524
2   -6.64155  -0.130458   0.363145
2   -6.59431  -0.878718   0.186981
2   -6.50362  0.39193   0.53947
2   -6.49161  0.0316957   0.320342
2   -6.45916  0.941984   0.956042
2   -6.39259  -0.149588   -0.0929357
2   -6.38441  -0.44138   -0.528542
2   -6.37677  -0.265451   0.84167
2   -6.37574  0.343511   0.242155
2   -6.35378  0.380578   0.91911
2   -6.33534  0.0910554   0.433847
2   -6.31668  -0.341192   0.486468
2   -6.28137  0.152457   -0.00192952
2   -6.17114  -0.708051   0.573447
2   -6.12819  -0.243792   0.171322
2   -6.10496  -0.129992   0.840409
2   -6.10278  0.00560913   0.336684
2   -6.08619  -0.322887   -0.472094
2   -6.05165  0.0189605   0.693904
2   -6.03817  -0.148226   0.112958
2   -6.01983  0.820963   0.969669
2   -6.0132  -0.130116   -0.026353
2   -5.97178  0.114249   0.49317
2   -5.95942  -0.0127064   0.459445
2   -5.94423  0.235723   0.824058
2   -5.94362  -0.0932979   0.187585
2   -5.89474  0.00899894   0.357703
2   -5.88482  -0.851632   0.353022
2   -5.84896  0.965262   0.959319
2   -5.8437  0.00667397   0.276471
2   -5.79364  -0.0595586   -0.201663
2   -5.77082  -0.176869   0.274668
2   -5.76164  -0.0315477   0.32747
2   -5.75508  -0.710974   -0.372206
2   -5.71571  0.744999   0.738857
2   -5.66557  0.0713778   0.815075
2   -5.65969  0.00281476   0.0538053
2   -5.63945  -0.289852   -0.147181
2   -5.56161  -0.410021   -0.11113
2   -5.55834  -0.804566   -0.20007
2   -5.55679  0.0988926   0.222107
2   -5.53973  0.0306353   0.340903
2   -5.53677  -0.00354135   0.319782
2   -5.49675  0.756313   0.909246
2   -5.4852  -0.364746   0.394249
2   -5.44683  0.314388   0.575454
2   -5.44216  -0.202484   -0.148387
2   -5.39405  -0.172267   0.130679
2   -5.36866  -0.635776   0.447836
2   -5.35471  -0.995551   0.65311
2   -5.32347  -0.36758   0.294005
2   -5.30125  -0.37155   -0.174288
2   -5.29049  0.0956463   0.555143
2   -5.27874  0.490274   0.823766
2   -5.22208  -0.485203   0.626806
2   -5.21881  0.249862   0.752198
2   -5.21183  0.334473   0.769291
2   -5.18171  -0.142303   0.127814
2   -5.16484  0.126449   0.748562
2   -5.09603  0.207637   0.989881
2   -5.08447  0.368599   0.717276
2   -5.07458  -0.0366793   0.457615
2   -5.06441  0.00970316   0.131678
2   -5.05577  0.236282   0.485058
2   -5.02763  -0.161454   -0.105627
2   -5.00959  -0.424013   0.299698
2   -4.99132  -0.372527   0.380396
2   -4.98688  -0.127096   0.597177
2   -4.95464  -0.270819   -0.651312
2   -4.90515  0.76837   0.952826
2   -4.88106  0.572864   -0.167891
2   -4.86717  -0.648075   -0.365876
2   -4.84919  -0.393528   -0.0663309
2   -4.82315  0.322696   -0.348254
2   -4.80893  0.287365   0.669864
2   -4.80542  0.526417   0.486786
2   -4.79168  0.21473   0.148844
2   -4.75966  0.436306   0.993533
2   -4.7528  -0.079724   0.480327
2   -4.73228  -0.999559   0.329919
2   -4.73045  0.0803966   0.0477568
2   -4.61827  -0.180404   -0.0937237
2   -4.61715  0.296626   0.460473
2   -4.61235  0.158454   0.533232
2   -4.55891  -0.386   0.0126195
2   -4.54935  -0.381497   0.0542233
2   -4.53588  0.366312   0.359223
2   -4.52443  -0.049403   -0.0365668
2   -4.52154  -0.039204   0.736733
2   -4.46186  -0.595699   -0.213481
2   -4.45068  -0.161995   0.503084
2   -4.4445  -0.119691   0.0234435
2   -4.40302  0.489169   0.271974
2   -4.36754  -0.341385   0.0911385
2   -4.34688  -0.259692   -0.0940228
2   -4.32857  0.641786   0.821884
2   -4.31412  -0.143765   0.626645
2   -4.31053  -0.135008   0.0477714
2   -4.28994  -0.448211   0.152252
2   -4.26261  0.145617   0.11023
2   -4.23747  -0.499302   -0.00348544
2   -4.22436  0.390302   0.657012
2   -4.21462  -0.560923   0.711706
2   -4.20593  -0.274816   0.175414
2   -4.19987  -0.219003   -0.0668178
2   -4.16135  -0.40828   -0.424348
2   -4.15139  -0.0416946   0.139772
2   -4.10406  -0.210339   0.349001
2   -4.1021  0.116014   -0.0689917
2   -4.03383  0.529116   0.941202
2   -4.03036  0.0187616   -0.034123
2   -4.01734  -0.226749   0.142633
2   -3.98336  -0.0796625   0.307119
2   -3.98281  -0.0143584   0.251727
2   -3.96676  -0.350572   0.0841749
2   -3.94431  0.0842024   0.189981
2   -3.94119  -0.629178   -0.389748
2   -3.92192  -0.358046   0.0656906
2   -3.90213  -0.998884   -0.718694
2   -3.89067  0.325879   0.836479
2   -3.88935  0.689577   0.975072
2   -3.88816  -0.10734   0.698877
2   -3.87846  -0.683363   0.293252
2   -3.87297  0.339984   0.759686
2   -3.8652  -0.0435859   0.625898
2   -3.79672  0.216426   0.50437
2   -3.75632  0.348848   0.57228
2   -3.74141  0.0324125   0.267227
2   -3.72121  0.1813   0.214854
2   -3.70104  0.506396   0.380783
2   -3.69216  0.124799   -0.326582
2   -3.6305  0.0479132   0.332617
2   -3.62664  0.408269   -0.551419
2   -3.62107  0.635025   0.400254
2   -3.61545  0.889638   0.918382
2   -3.60479  -0.206947   -0.0193947
2   -3.55147  0.194238   -0.0628682
2   -3.54202  0.0310195   -0.0474048
2   -3.51057  -0.219086   0.469514
2   -3.4772  -0.107725   -0.170809
2   -3.47485  0.768086   0.892568
2   -3.40311  0.468843   0.175556
2   -3.39961  0.199533   0.777171
2   -3.39507  -0.0323226   -0.364924
2   -3.37307  -0.151077   -0.277466
2   -3.35725  -0.554638   -0.0660612
2   -3.32247  -0.949982   0.458856
2   -3.31341  0.313689   0.70892
2   -3.27689  0.494171   0.800246
2   -3.25091  0.137343   -0.232683
2   -3.23711  -0.0708103   -0.0305974
2   -3.21497  0.259813   0.695115
2   -3.20827  -0.0750288   -0.592094
2   -3.19028  -0.0565269   0.020052
2   -3.16883  -0.251013   0.00283233
2   -3.12219  0.123432   0.156238
2   -3.11613  0.0720885   0.412935
2   -3.11127  0.220652   0.375756
2   -3.10032  -0.706558   -0.72264
2   -3.07468  -0.395842   0.144088
2   -3.04913  -0.162371   0.107212
2   -3.00752  0.306281   0.337827
2   -2.97913  0.240039   0.181288
2   -2.96695  0.335611   0.203255
2   -2.94807  -0.506289   0.0413715
2   -2.94673  0.427494   0.047421
2   -2.93327  -0.589896   -0.012914
2   -2.91898  -0.524166   -0.452485
2   -2.90072  -0.321203   0.804333
2   -2.86852  -0.506593   -0.451706
2   -2.8336  0.137499   -0.00143326
2   -2.81924  -0.172177   0.0315083
2   -2.79833  0.0987449   -0.0159921
2   -2.78001  0.190106   0.443439
2   -2.77809  -0.503766   0.0620442
2   -2.77498  0.196467   -0.109493
2   -2.77321  0.715268   -0.0864951
2   -2.75432  -0.413498   0.260149
2   -2.72067  0.388734   0.943343
2   -2.70168  0.613659   0.561249
2   -2.66973  0.376964   0.430792
2   -2.6604  0.106354   -0.331298
2   -2.6374  -0.454781   -0.370328
2   -2.614  -0.512071   0.152
2   -2.5973  0.296407   0.694207
2   -2.56699  0.35647   0.377301
2   -2.56326  0.421466   0.665379
2   -2.5501  0.113083   -0.408524
2   -2.51371  -0.876527   -0.455388
2   -2.49393  0.151126   0.53088
2   -2.47565  0.0234671   0.193765
2   -2.45525  0.105052   -0.206411
2   -2.45136  0.518527   0.890202
2   -2.44316  0.621074   -0.101255
2   -2.44022  -0.156563   -0.292273
2   -2.43985  -0.619879   0.243662
2   -2.42636  -0.0135278   -0.583059
2   -2.35769  0.143381   0.205931
2   -2.34065  -0.151824   0.177818
2   -2.33281  0.338897   0.480836
2   -2.31947  0.445611   0.762835
2   -2.30588  0.137118   -0.124342
2   -2.25714  0.11266   -0.0355332
2   -2.24207  0.222379   -0.0499149
2   -2.22868  -0.265995   -0.054374
2   -2.21592  -0.920859   -0.733919
2   -2.21469  0.127799   0.961183
2   -2.19851  0.181219   0.670746
2   -2.18972  -0.185066   -0.20743
2   -2.17652  0.159347   0.84318
2   -2.15468  -0.274056   -0.123827
2   -2.143  -0.468322   0.498079
2   -2.12936  -0.106082   0.175151
2   -2.12718  -0.256084   -0.00282409
2   -2.11337  0.21239   0.0225491
2   -2.10149  0.00908492   0.063814
2   -2.07393  0.0260925   -0.492708
2   -2.05899  0.0920831   0.929852
2   -2.04955  0.270484   0.661409
2   -2.00846  -0.151201   -0.241138
2   -1.98693  -0.45138   -0.0972077
2   -1.97148  -0.646091   -0.144316
2   -1.93834  -0.210507   -0.48883
2   -1.92484  -0.480884   -0.393318
2   -1.90641  -0.0447109   0.171639
2   -1.88165  -0.372156   -0.230482
2   -1.87613  0.0200885   0.683667
2   -1.872  0.991989   0.995992
2   -1.83023  -0.445635   0.40489
2   -1.82881  0.0489276   -0.15494
2   -1.81902  0.0909676   0.266754
2   -1.77668  0.428618   -0.378478
2   -1.75366  -0.114641   -0.183944
2   -1.73806  -0.325847   -0.591718
2   -1.70768  0.0238551   0.252458
2   -1.69669  -0.00376852   -0.436073
2   -1.67187  -0.907899   0.064817
2   -1.65206  0.168379   -0.190167
2   -1.62996  -0.0458787   -0.0880296
2   -1.61979  -0.524244   0.107197
2   -1.5746  -0.178265   0.755748
2   -1.57241  0.726098   0.93561
2   -1.57121  -0.471643   -0.460433
2   -1.55786  0.223085   0.615716
2   -1.5556  0.436775   -0.220611
2   -1.54952  -0.308945   -0.238218
2   -1.53339  0.094111   0.511026
2   -1.52675  -0.704794   0.0330668
2   -1.51062  0.176981   0.124272
2   -1.49178  0.150234   0.221571
2   -1.48671  0.0757528   -0.31897
2   -1.43199  0.52568   0.972583
2   -1.42  0.181929   0.495234
2   -1.41279  0.137029   0.492953
2   -1.38741  0.540925   0.762493
2   -1.37762  -0.14992   -0.289154
2   -1.35296  0.136341   0.714085
2   -1.34271  0.0692227   -0.367058
2   -1.33617  0.268901   0.696233
2   -1.31958  -0.0573166   -0.077061
2   -1.31359  -0.0670702   -0.180786
2   -1.29058  0.0479356   0.0657194
2   -1.27902  0.0197087   0.330002
2   -1.23904  -0.252443   -0.307741
2   -1.23309  0.377794   0.302697
2   -1.20979  -0.61452   -0.237678
2   -1.20655  -0.0973815   -0.527723
2   -1.17179  -0.364204   -0.256038
2   -1.16941  0.014757   -0.0922421
2   -1.13903  0.12983   0.0246079
2   -1.13385  -0.077682   -0.259881
2   -1.12842  0.797256   0.632125
2   -1.11164  -0.333114   -0.220548
2   -1.09756  -0.249893   -0.0525672
2   -1.0809  0.122745   -1.91441e-05
2   -1.06158  -0.128894   0.272183
2   -1.04654  0.396814   0.795162
2   -1.03876  0.571293   0.147597
2   -1.01349  -0.00215289   -0.153835
2   -1.0049  0.655618   0.545164
2   -0.997076  -0.809862   -0.802946
2   -0.993138  0.0317312   -0.225389
2   -0.968163  0.287458   0.233425
2   -0.961122  -0.214272   -0.196574
2   -0.958107  0.234797   -0.30486
2   -0.942394  -0.946975   -0.425896
2   -0.941667  0.273819   0.249804
2   -0.877716  0.0248209   -0.50826
2   -0.86849  0.733263   0.790061
2   -0.867561  -0.110113   0.161074
2   -0.860813  -0.436688   -0.486471
2   -0.827964  -0.246711   -0.339649
2   -0.825621  0.202561   0.274889
2   -0.794736  -0.125389   -0.165703
2   -0.77527  -0.0784569   -0.407687
2   -0.746201  0.950814   0.988831
2   -0.737683  0.516886   -0.639409
2   -0.719787  0.290935   0.265623
2   -0.712687  -0.870385   0.276816
2   -0.710775  0.221381   -0.286965
2   -0.703506  -0.0677991   0.196205
2   -0.681599  -0.162018   -0.303221
2   -0.680975  0.404321   -0.0844457
2   -0.667673  0.0434286   0.121722
2   -0.650507  0.388142   0.484115
2   -0.64314  -0.339043   -0.530927
2   -0.598347  0.224102   -0.0389045
2   -0.586415  0.367823   0.00277344
2   -0.572255  -0.544133   -0.431095
2   -0.569642  0.406037   0.227798
2   -0.562724  0.141203   -0.293063
2   -0.545108  -0.0454512   0.343221
2   -0.530965  -0.164389   -0.334354
2   -0.529429  -0.771859   -0.86903
2   -0.524441  -0.00928068   -0.421238
2   -0.519597  0.122371   0.204957
2   -0.486745  -0.468701   -0.287877
2   -0.474129  0.0782125   0.151452
2   -0.426576  -0.163538   0.238696
2   -0.41182  -0.286294   -0.12741
2   -0.408552  -0.596044   -0.0280075
2   -0.377853  0.0779546   0.30033
2   -0.363521  -0.0693094   0.120692
2   -0.338218  -0.528918   -0.689906
2   -0.286992  0.618213   -0.267322
2   -0.27232  -0.228233   -0.29581
2   -0.264894  -0.00327614   0.0182213
2   -0.248476  -0.224885   -0.298395
2   -0.241368  0.0743776   0.481948
2   -0.229156  -0.738213   0.148475
2   -0.210241  -0.123593   0.166241
2   -0.185475  0.491033   0.313693
2   -0.18522  0.542648   0.663463
2   -0.152088  -0.310309   -0.27403
2   -0.128278  -0.438582   -0.742676
2   -0.127886  0.471724   -0.220675
2   -0.121157  0.371796   0.287372
2   -0.0963693  -0.308601   -0.49549
2   -0.0776952  0.0592373   0.188496
2   -0.0621737  0.151979   0.182258
2   -0.0619253  0.128569   -0.528599
2   -0.0496595  0.221405   0.471955
2   -0.0463083  0.215546   0.440886
2   -0.0171562  0.616266   0.688911
2   -0.0150586  0.292884   0.0766343
2   0.0151578  0.134051   -0.00259024
2   0.0355443  0.385889   0.299862
2   0.0434768  -0.134447   -0.072849
2   0.0471919  0.720875   0.897395
2   0.0754712  -0.0553005   -0.506947
2   0.0870961  0.206155   0.0695811
2   0.0884678  0.438641   0.539456
2   0.0999146  -0.670945   -0.782782
2   0.108246  -0.499388   0.161337
2   0.115751  0.122151   0.33623
2   0.128298  0.225888   0.45109
2   0.132221  -0.40705   -0.561381
2   0.173708  0.988632   0.995748
2   0.208088  -0.465168   -0.684726
2   0.210156  0.155249   0.918311
2   0.237238  -0.132636   -0.122227
2   0.250815  -0.079504   -0.579212
2   0.252305  -0.153988   -0.0274464
2   0.27112  0.222535   0.309376
2   0.280785  0.284379   0.898961
2   0.283086  0.494577   0.516531
2   0.290724  -0.189853   -0.394304
2   0.291699  -0.197734   -0.356612
2   0.322096  0.386304   0.171298
2   0.371223  -0.497634   -0.644827
2   0.381575  0.0716398   0.248673
2   0.389999  0.212659   -0.517627
2   0.421251  -0.772749   -0.0189249
2   0.440437  -0.263121   -0.721392
2   0.470184  0.313832   -0.295918
2   0.484781  0.349158   0.269908
2   0.508209  -0.281404   -0.460559
2   0.526191  -0.914231   -0.702612
2   0.535789  0.047574   -0.198195
2   0.551299  -0.0744877   0.0326882
2   0.559124  0.656323   -0.183699
2   0.562696  0.46416   0.33617
2   0.575827  -0.258255   -0.104712
2   0.598581  0.439659   0.670197
2   0.604765  0.380118   -0.48911
2   0.639821  -0.0315304   0.357511
2   0.65221  -0.492507   0.208613
2   0.67093  0.306088   -0.051204
2   0.686898  0.0353047   0.443439
2   0.692685  0.361442   -0.277041
2   0.709986  0.265011   0.548747
2   0.724636  -0.167904   0.160194
2   0.745457  0.124656   0.496844
2   0.769216  0.0949354   -0.180861
2   0.775749  -0.00044951   -0.006908
2   0.793275  0.117479   -0.106286
2   0.801586  0.668623   -0.243907
2   0.808614  0.73802   0.978532
2   0.837022  0.193743   0.344676
2   0.858804  -0.230792   -0.487381
2   0.868399  -0.858343   -0.553147
2   0.871286  -0.0170974   -0.568585
2   0.875079  -0.314439   -0.705407
2   0.880875  0.037019   -0.160983
2   0.925504  0.501061   0.00711727
2   0.92925  0.218164   0.224773
2   0.938682  0.133408   0.317497
2   0.960085  0.237185   0.565087
2   0.989639  -0.231057   -0.480043
2   1.00377  -0.0224114   -0.313709
2   1.04821  0.137415   -0.199808
2   1.06478  -0.369008   -0.709008
2   1.08743  -0.0823239   -0.30385
2   1.09955  0.255708   -0.153172
2   1.1085  0.309558   0.933885
2   1.10862  -0.142515   -0.354444
2   1.10892  0.172064   0.361429
2   1.12675  0.0771776   0.00570898
2   1.16671  0.0518165   -0.35381
2   1.18544  -0.288557   -0.871066
2   1.19477  0.53358   -0.381694
2   1.2101  -0.265877   -0.290353
2   1.22526  0.800599   0.982586
2   1.22699  -0.849305   -0.314845
2   1.23011  0.368639   0.417462
2   1.2459  0.807202   0.701063
2   1.27039  -0.448087   -0.0248837
2   1.2737  0.128539   -0.196364
2   1.29107  0.0286447   -0.590734
2   1.30921  0.29324   0.67246
2   1.31786  0.230297   0.330866
2   1.33337  -0.30909   -0.498318
2   1.34052  -0.0122001   -0.361454
2   1.39473  0.108421   -0.0630382
2   1.39852  0.212718   0.546193
2   1.39895  -0.330087   -0.431102
2   1.40717  -0.252947   -0.64852
2   1.41129  -0.0215317   -0.517403
2   1.42006  0.232555   -0.168728
2   1.4241  0.393134   -0.379621
2   1.45768  -0.261922   -0.158224
2   1.4628  0.975322   0.971273
2   1.47178  -0.101141   -0.423591
2   1.47411  -0.246634   -0.720555
2   1.47605  -0.528415   -0.349699
2   1.48034  -0.356115   -0.195296
2   1.5189  0.706611   0.677084
2   1.62139  0.000321827   0.050319
2   1.6478  0.460127   0.716561
2   1.65162  -0.043175   0.144872
2   1.65172  -0.312577   -0.90874
2   1.69722  -0.242333   0.0656252
2   1.70019  0.358948   -0.362765
2   1.73742  0.0320941   0.795596
2   1.74703  -0.0125937   -0.25152
2   1.75277  0.384792   0.674126
2   1.77909  0.158125   -0.425094
2   1.78194  -0.134481   -0.124794
2   1.7975  0.233612   0.503228
2   1.8043  0.300642   0.347843
2   1.81237  0.0155195   -0.0682154
2   1.82024  -0.0670973   -0.0692285
2   1.83072  -0.280245   -0.772986
2   1.8741  0.0441344   -0.759795
2   1.89896  -0.751532   -0.76338
2   1.9046  0.311931   -0.657397
2   1.91336  0.240822   0.0858252
2   1.92301  0.266622   -0.0805678
2   1.92514  0.0370168   0.15661
2   1.96527  0.0999122   -0.600171
2   1.98372  -0.02884   -0.251631
2   1.99998  0.0775894   -0.562181
2   2.02534  0.488402   -0.094792
2   2.03779  0.0573221   -0.428735
2   2.04401  0.351848   -0.0353795
2   2.05677  0.248779   -0.639821
2   2.06269  0.632835   -0.0618445
2   2.07052  -0.999974   0.349401
2   2.1117  0.263996   -0.644958
2   2.1447  -0.00979996   0.43443
2   2.16047  -0.376205   -0.540686
2   2.1645  0.76828   0.996817
2   2.1739  0.353621   -0.473387
2   2.1765  -0.0236502   -0.295754
2   2.2246  0.0191235   -0.35906
2   2.24877  0.135795   0.2859
2   2.26853  0.665138   0.914161
2   2.27549  -0.468898   -0.698957
2   2.28402  0.110732   -0.73126
2   2.28721  0.265036   0.0127582
2   2.32331  -0.569471   -0.804366
2   2.35905  -0.0597059   0.549969
2   2.36146  -0.556961   -0.131736
2   2.36703  -0.303351   0.273067
2   2.39503  0.337336   0.375414
2   2.39882  0.123077   -0.357654
2   2.44154  0.00395705   -0.200429
2   2.45518  -0.248307   -0.202358
2   2.47889  0.349337   0.24055
2   2.49812  -0.53592   -0.679
2   2.50857  0.00729718   -0.593753
2   2.51429  0.31982   0.149186
2   2.52489  -0.661907   -0.689085
2   2.53196  0.192275   -0.068475
2   2.55269  -0.0767667   -0.787652
2   2.55784  0.0873227   -0.265454
2   2.58812  0.556173   0.513712
2   2.59096  0.993432   0.964244
2   2.59111  0.922802   0.905612
2   2.60665  -0.214853   -0.588478
2   2.615  0.276321   -0.399637
2   2.63085  -0.0317731   -0.519326
2   2.64482  -0.154178   -0.259512
2   2.65658  0.132842   -0.148069
2   2.67279  0.725128   -0.0870439
2   2.67888  0.733514   0.77476
2   2.68056  0.098286   0.147019
2   2.70806  0.0527354   -0.00433405
2   2.77819  -0.194577   -0.770753
2   2.78513  -0.260542   0.316062
2   2.79558  0.10902   -0.0725639
2   2.80635  0.170148   -0.368822
2   2.8152  -0.432071   -0.669537
2   2.82312  -0.148399   0.094905
2   2.82998  -0.0373667   -0.564355
2   2.85103  0.275056   0.25135
2   2.86749  0.381664   -0.192431
2   2.90998  -0.999929   -0.731934
2   2.93897  -0.504023   -0.685545
2   2.94788  -0.0119744   0.899344
2   2.95454  0.154767   -0.600851
2   2.97058  0.499915   0.639047
2   2.97418  0.484945   0.500476
2   2.98744  0.79906   0.389173
2   2.99547  0.431528   0.36779
2   3.02146  -0.204879   -0.676637
2   3.02334  -0.360807   -0.931585
2   3.02525  -0.0665944   0.0218058
2   3.05281  0.034102   -0.824094
2   3.05881  0.462723   0.235677
2   3.0794  -0.0504003   -0.646932
2   3.08689  -0.739722   -0.782159
2   3.10348  -0.0581423   -0.544424
2   3.11515  0.137223   -0.0819331
2   3.11892  0.0666031   -0.43859
2   3.14471  -0.449225   -0.419571
2   3.15137  0.0983996   0.123725
2   3.19479  -0.67079   0.343023
2   3.1954  -0.0631376   -0.178184
2   3.20027  0.380505   0.234619
2   3.23963  0.0287905   -0.517228
2   3.26447  -0.387284   -0.823484
2   3.30212  0.816973   0.913976
2   3.36018  0.569303   0.625394
2   3.36282  0.102138   0.350981
2   3.39442  0.176017   0.353506
2   3.4034  -0.47601   -0.822748
2   3.40707  0.20208   0.614465
2   3.43897  -0.158359   -0.236026
2   3.46403  -0.562514   -0.686937
2   3.47052  0.497812   0.614343
2   3.47875  -0.24334   -0.684643
2   3.49194  0.745166   0.947257
2   3.49887  0.0266222   -0.229369
2   3.53349  0.379262   -0.610137
2   3.56673  -0.467639   -0.514503
2   3.57731  -0.501844   -0.201139
2   3.58143  -0.199963   -0.435691
2   3.59199  -0.736428   -0.733818
2   3.59521  0.666953   0.874065
2   3.62215  -0.998779   -0.999764
2   3.64023  0.281266   0.404567
2   3.67636  0.605601   -0.633955
2   3.68041  0.239984   0.35477
2   3.6898  0.901724   -0.392145
2   3.6971  -0.173474   0.0569065
2   3.71626  0.800106   -0.557646
2   3.725  0.205205   -0.153526
2   3.72577  0.404912   0.182075
2   3.73403  0.214709   -0.0563469
2   3.7602  -0.140082   -0.613296
2   3.76973  -0.0410901   -0.118999
2   3.81015  -0.0144404   -0.382294
2   3.82553  -0.240364   0.0503966
2   3.83405  0.251565   0.033054
2   3.84421  0.154927   -0.0535906
2   3.85379  0.100891   -0.470007
2   3.85556  0.423304   -0.174089
2   3.85789  0.0842234   -0.0540161
2   3.88247  -0.141091   -0.340349
2   3.90142  0.0979403   -0.198177
2   3.95548  -0.205482   -0.703118
2   3.95585  0.158471   0.126314
2   3.96499  0.00156518   -0.0461063
2   3.9913  -0.401659   -0.927169
2   4.01246  -0.331519   -0.85815
2   4.03217  -0.595255   -0.907694
2   4.08126  0.691406   -0.597671
2   4.0975  -0.564273   -0.388333
2   4.10031  -0.287772   -0.52791
2   4.13543  -0.706916   -0.943699
2   4.15056  -0.0310591   -0.700738
2   4.1887  -0.106426   -0.629595
2   4.19216  -0.0304845   -0.408273
2   4.21439  0.539584   0.992962
2   4.21568  -0.0298223   0.221494
2   4.21621  0.241296   -0.080307
2   4.2575  -0.847942   -0.783082
2   4.27534  0.416147   0.517084
2   4.29323  0.1618   -0.859617
2   4.30592  0.00548573   -0.82277
2   4.32906  0.288909   -0.769855
2   4.33876  -0.0714052   -0.170143
2   4.34194  0.326646   0.684495
2   4.42271  -0.103394   -0.592143
2   4.43698  0.0740811   -0.713025
2   4.45375  0.402829   0.767238
2   4.46239  0.781901   0.458431
2   4.49147  0.566104   0.260684
2   4.49677  0.691692   -0.730119
2   4.50224  0.466084   0.0750523
2   4.5026  -0.399992   -0.833899
2   4.53753  -0.493907   -0.875103
2   4.55872  -0.0551825   -0.62192
2   4.56521  -0.925091   -0.791846
2   4.59817  0.455982   0.999789
2   4.61484  0.82242   -0.782822
2   4.62071  0.132232   -0.246308
2   4.62141  -0.255772   -0.865329
2   4.6362  -0.156515   0.160434
2   4.67325  0.363818   0.0514515
2   4.68914  0.115211   -0.533351
2   4.71794  -0.466984   -0.0638384
2   4.72046  0.216161   -0.82242
2   4.7742  0.580878   -0.28047
2   4.82164  0.317198   -0.779779
2   4.83143  0.565629   -0.463901
2   4.86991  -0.186421   -0.122607
2   4.91791  0.434857   0.786876
2   4.9523  0.0333593   -0.0533451
2   4.96906  0.13741   0.80607
2   4.98425  0.598535   -0.838082
2   5.0195  -0.708481   -0.849339
2   5.04945  0.179441   -0.732936
2   5.07771  0.646243   0.0885032
2   5.11643  -0.408207   -0.126297
2   5.12616  0.333635   0.533368
2   5.15162  0.33507   -0.860191
2   5.16884  0.0284778   -0.324462
2   5.17963  0.308447   -0.541267
2   5.21755  0.490295   0.385555
2   5.22195  -0.438444   -0.880194
2   5.22532  0.393799   0.189418
2   5.22884  -0.178281   -0.583475
2   5.24287  -0.396078   -0.846496
2   5.25122  -0.741769   -0.556239
2   5.26143  0.193581   -0.466724
2   5.27907  -0.518432   -0.609255
2   5.2963  0.477135   0.164535
2   5.33398  0.307193   -0.464373
2   5.34919  -0.738866   -0.666292
2   5.35378  -0.0225008   -0.939239
2   5.35676  0.95772   0.95405
2   5.39066  0.856887   -0.664655
2   5.40363  0.525883   -0.276037
2   5.43415  0.220754   -0.220519
2   5.43556  -0.631174   -0.957512
2   5.47035  0.634476   0.956152
2   5.50306  0.876795   0.887154
2   5.52161  0.422119   0.643577
2   5.53055  0.405152   -0.0355983
2   5.54683  -0.310096   -0.47835
2   5.57379  0.00941841   -0.655506
2   5.57806  0.214586   -0.00791622
2   5.62866  0.335298   -0.492853
2   5.65155  -0.0630478   -0.988245
2   5.67345  -0.344112   -0.401203
2   5.70307  0.261887   -0.013985
2   5.74349  0.38035   -0.621067
2   5.76941  -0.00237522   -0.619642
2   5.80182  0.0902937   -0.890878
2   5.80341  0.29594   -0.50282
2   5.81433  -0.0476995   -0.860304
2   5.82703  -0.0243129   -0.243271
2   5.85695  -0.606796   -0.984668
2   5.85812  -0.715967   -0.187842
2   5.87105  0.151237   -0.842629
2   5.88947  0.532098   -0.695346
2   5.89213  0.332526   0.240735
2   5.93236  0.276902   0.174296
2   5.98832  0.382198   -0.324607
2   5.99681  0.47865   0.400687
2   6.00153  -0.147098   -0.893668
2   6.04469  -0.331092   -0.782354
2   6.04777  -0.000232326   -0.264295
2   6.0486  -0.269328   -0.971546
2   6.07707  0.303574   -0.792892
2   6.14052  -0.839463   -0.930564
2   6.1731  0.39333   0.825648
2   6.20342  0.176072   0.068386
2   6.22838  -0.732615   -0.871198
2   6.24793  0.685885   0.934371
2   6.28599  -0.151778   -0.302291
2   6.29023  -0.299166   -0.920812
2   6.30765  -0.357253   -0.917277
2   6.31595  0.222596   0.0192725
2   6.31825  -0.0409797   -0.0195
2   6.34185  0.8273   -0.897407
2   6.37803  -0.276479   -0.188946
2   6.38426  -0.168323   -0.162936
2   6.44251  0.870343   -0.65806
2   6.45954  0.820523   0.752866
2   6.54664  0.820132   -0.878719
2   6.55091  0.528461   0.45113
2   6.58064  -0.264344   -0.875557
2   6.59983  -0.603595   -0.619543
2   6.62599  0.133089   -0.590101
2   6.63879  0.347734   -0.167462
2   6.64148  0.270794   0.00515167
2   6.64769  -0.7788   -0.616812
2   6.68567  -0.644826   -0.983436
2   6.7819  -0.540274   -0.942808
2   6.78314  -0.333341   -0.23685
2   6.79457  -0.550525   -0.792621
2   6.81774  0.268372   0.987249
2   6.82485  0.199763   -0.588669
2   6.82917  -0.535882   -0.900484
2   6.84535  0.536395   0.157498
2   6.85351  -0.537684   -0.978265
2   6.86142  -0.0199289   -0.874962
2   6.90906  0.322934   -0.686877
2   6.91051  0.52246   0.79916
2   7.00031  -0.602791   -0.9334
2   7.02429  0.485319   0.597872
2   7.03803  0.382737   -0.821261
2   7.0573  0.574927   -0.119514
2   7.11302  -0.821366   -0.993118
2   7.11437  0.0625037   -0.860182
2   7.1433  0.330177   0.807736
2   7.17007  -0.0396866   -0.947938
2   7.17186  0.556366   -0.724994
2   7.20225  -0.0945019   -0.959757
2   7.23081  0.390349   -0.332993
2   7.25749  0.0117912   -0.701035
2   7.27476  0.342983   0.0893391
2   7.28425  -0.350178   -0.908179
2   7.2896  -0.130798   -0.166517
2   7.30159  0.455593   -0.340598
2   7.3375  0.312962   0.307763
2   7.40786  -0.515438   -0.941788
2   7.4383  -0.186259   0.0252639
2   7.50017  0.0839446   -0.854343
2   7.53262  0.533495   -0.776487
2   7.54888  0.213328   -0.884364
2   7.55314  -0.252843   -0.912985
2   7.55723  1   1
2   7.56255  -0.391557   -0.897909
2   7.58027  0.0493061   -0.223122
2   7.61517  0.480392   -0.776833
2   7.63762  0.396746   0.892768
2   7.6651  0.536483   -0.291226
2   7.73593  -0.999163   -0.998446
2   7.76166  0.0243387   -0.373516
2   7.76951  -0.381488   -0.480803
2   7.77111  0.569527   0.189923
2   7.78644  0.751363   -0.661391
2   7.82308  0.125798   -0.475467
2   7.87198  0.875558   -0.724714
2   7.88411  -0.493035   -0.953594
2   7.90537  0.388608   0.700104
2   7.91746  -0.307199   -0.976592
2   7.94253  -0.413421   -0.920979
2   7.97961  0.174662   -0.30073
2   7.99126  -0.635221   -0.904851
2   8.02623  0.987386   0.927246
2   8.02747  0.148947   -0.544328
2   8.11325  -0.122993   -0.678084
2   8.16221  0.292418   -0.368861
2   8.18278  -0.636765   -0.971211
2   8.23153  0.100183   -0.605588
2   8.26385  0.240471   -0.218705
2   8.30823  -0.448614   -0.998382
2   8.35663  0.171709   -0.8993
2   8.36853  -0.331771   -0.735817
2   8.37256  -0.489568   -0.937124
2   8.38315  -0.693219   -0.933364
2   8.46604  -0.265075   -0.99264
2   8.48854  0.621384   -0.516142
2   8.50003  0.101754   -0.933335
2   8.50765  -0.787179   -0.919649
2   8.51664  -0.0670504   -0.9312
2   8.53765  -0.504793   -0.612337
2   8.58513  0.197848   -0.443628
2   8.60838  0.413415   0.879393
2   8.64883  -0.147881   -0.311754
2   8.68988  0.980463   0.981366
2   8.72116  0.0783895   -0.326582
2   8.74732  0.199422   -0.778496
2   8.7792  0.293989   -0.608752
2   8.79818  -0.440073   -0.632194
2   8.84652  -0.0227819   -0.358313
2   8.85651  0.528955   -0.579521
2   8.93679  0.899657   -0.51588
2   8.98281  -0.736405   -0.85522
2   8.98706  -0.856691   -0.923141
2   9.03141  0.884259   -0.552454
2   9.04721  0.614784   -0.00942061
2   9.12196  0.851892   0.63594
2   9.16688  -0.645339   -0.973929
2   9.1903  0.548997   -0.804713
2   9.19601  0.182217   -0.769619
2   9.24479  0.205708   0.0644516
2   9.2613  -0.416752   -0.960982
2   9.27456  -0.211678   -0.537179
2   9.36483  -0.423437   -0.981969
2   9.38241  -0.584722   -0.946273
2   9.39963  -0.522181   -0.978106
2   9.42312  0.452224   -0.200124
2   9.453  0.877333   0.741132
2   9.54085  0.336051   -0.365887
2   9.54504  -0.22586   -0.960316
2   9.61028  0.418446   0.877949
2   9.63243  0.331334   -0.26065
2   9.69534  -0.342279   -0.940023
2   9.76539  0.65163   0.140011
2   9.77687  -0.351185   -0.756105
2   9.79719  0.301438   -0.448029
2   9.82977  -0.309044   -0.993857
2   9.8909  0.686038   0.272474
2   9.89629  -0.124358   -0.981933
2   9.91873  -0.34542   -0.996038
2   9.94133  1   0.999511
2   9.9662  -0.698294   -0.726775
2   9.99125  -0.443882   -0.962125
2   10.0104  0.605495   -0.303076
2   10.1398  0.135221   -0.546898
2   10.2355  0.269187   -0.49181
2   10.2685  0.880323   -0.714956
2   10.2783  0.738897   -0.286994
2   10.2914  -0.447354   -0.948826
2   10.3287  0.13412   -0.207213
2   10.4428  -1   -1
2   10.4514  -0.447378   -0.892711
2   10.4755  0.114624   -0.763907
2   10.5322  -0.308973   -0.952216
2   10.5327  0.127713   -0.594471
2   10.5384  -0.993518   -0.99991
2   10.7181  -0.420265   -0.717853
2   10.8663  0.357785   -0.954643
2   11.019  -0.187182   -0.980318
2   11.0239  0.295062   -0.72341
2   11.0436  -0.114236   -0.645538
2   11.074  0.980433   0.980577
2   11.0864  -0.134399   -0.422466
2   11.1297  -0.892428   -0.994596
2   11.1885  0.332863   -0.579831
2   11.1907  -0.795107   -0.989571
2   11.2325  0.044148   -0.942135
2   11.3329  0.903752   -0.497374
2   11.5583  -0.209547   -0.98698
2   11.6419  0.209648   0.0724927
2   11.7701  -0.616745   -0.949044
2   11.8382  0.876996   0.732982
2   11.9291  -0.985734   -0.998719
2   11.9469  0.36275   -0.377352
2   12.1963  -0.294758   -0.78023
2   12.4015  0.607753   -0.312481
2   12.5032  -0.280899   -0.99496
2   12.8703  0.113959   -0.764794
2   13.0977  -0.969891   -0.998453
2   13.2638  0.354764   -0.95282
2   13.5875  -0.771125   -0.988906
