2   7.55723  1  1
2   9.94112  0.999847  0.999856
2   -1.86726  0.979925  0.996014
2   8.01169  0.947989  0.999199
2   1.31013  0.842372  0.994636
2   1.46806  0.946298  0.988401
2   -6.6288  0.639265  0.98944
2   1.39372  0.358723  0.935974
2   3.47766  0.652759  0.99999
2   5.03648  0.571467  0.997765
2   -3.12964  0.38927  0.951373
2   4.89284  0.624962  0.995576
2   -1.29488  0.260571  0.933194
2   -1.27707  0.230744  0.941865
2   -6.34021  -0.150227  0.896121
2   0.402042  -0.173459  0.892923
2   7.77194  -0.22762  0.636544
2   10.163  -0.224696  0.636802
2   -0.306796  0.0941242  0.738571
2   7.84916  -0.254581  0.674261
2   2.82954  0.0108211  0.779401
2   3.61579  0.327068  0.852504
2   -2.74399  0.0780803  0.879977
2   3.49305  -0.145257  0.852425
2   6.34724  -0.729239  0.770268
2   9.02169  -0.646835  0.748017
2   -0.435319  -0.50331  0.762414
2   7.76447  -0.705865  0.763381
2   3.57542  -0.75856  0.756483
2   5.25529  -0.336764  0.775323
2   -0.511192  -0.75501  0.757252
2   6.26931  -0.76383  0.755486
2   6.18877  0.924461  0.690634
2   8.56572  0.924162  0.690198
2   -3.02541  0.919989  0.619799
2   6.70771  0.88476  0.671105
2   0.0206159  0.788596  0.557175
2   0.355958  0.89263  0.53509
2   -7.80424  0.615291  0.436892
2   0.531957  0.369718  0.323035
2   2.25781  0.655161  0.497557
2   3.78692  0.565667  0.451295
2   -3.998  0.481589  0.393703
2   3.79916  0.645014  0.503994
2   -2.30706  0.347376  0.262528
2   -2.33972  0.325742  0.224231
2   -7.08255  0.0614155  0.125614
2   -0.308457  0.0356397  0.118514
2   7.77203  -0.53124  -0.249898
2   10.1616  -0.527676  -0.249069
2   -0.785475  -0.252464  -0.123752
2   7.85858  -0.546381  -0.25881
2   2.51518  -0.423614  -0.0815447
2   2.90656  -0.162537  0.0182505
2   -3.24029  -0.306511  0.00300439
2   3.25032  -0.470794  -0.123467
2   6.89493  -0.904629  -0.38586
2   9.48098  -0.844416  -0.366447
2   -0.161987  -0.758604  -0.336781
2   8.29  -0.891572  -0.392198
2   4.10587  -0.918112  -0.406383
2   5.29937  -0.663855  -0.263401
2   0.0124088  -0.911179  -0.405043
2   6.80844  -0.920367  -0.409112
2   2.25208  0.932683  0.464064
2   4.63537  0.932507  0.464089
2   -7.16947  0.914803  0.463593
2   2.73038  0.888111  0.466927
2   -3.90029  0.807649  0.479652
2   -3.83547  0.883756  0.464799
2   -11.7081  0.641787  0.499284
2   -3.6681  0.33463  0.513203
2   -1.63446  0.658844  0.491843
2   0.00450912  0.598778  0.504813
2   -8.29395  0.372219  0.51061
2   -0.244024  0.621848  0.488555
2   -6.33654  0.263944  0.534771
2   -6.31448  0.252356  0.554799
2   -11.2499  -0.126495  0.570837
2   -4.50605  -0.150324  0.570221
2   2.92376  -0.349456  0.523184
2   5.31369  -0.346517  0.523162
2   -5.14681  -0.00838275  0.537063
2   3.12984  -0.346678  0.523659
2   -1.89797  -0.110312  0.55358
2   -1.15002  0.211569  0.555855
2   -7.3747  0.0166679  0.568394
2   -1.0557  -0.166587  0.55316
2   2.07144  -0.692637  0.509292
2   4.63539  -0.636104  0.510742
2   -4.84428  -0.512356  0.511434
2   3.44619  -0.674283  0.508302
2   -0.812546  -0.714616  0.50886
2   0.712984  -0.375916  0.528052
2   -4.91864  -0.709514  0.509164
2   1.86568  -0.718363  0.508566
2   3.99415  0.928469  0.0439622
2   6.37604  0.928222  0.0438372
2   -5.43896  0.925639  0.0660518
2   4.41036  0.880666  0.0662439
2   -2.44529  0.772156  0.104955
2   -2.22429  0.903384  0.0844764
2   -10.3894  0.569786  0.17269
2   -2.11115  0.315311  0.157154
2   -0.436602  0.582428  0.237044
2   1.08477  0.480692  0.251068
2   -6.77956  0.403197  0.201574
2   1.04294  0.579646  0.234934
2   -5.0727  0.239581  0.217792
2   -5.13862  0.236993  0.197802
2   -9.94839  -0.0966331  0.2443
2   -3.19015  -0.121485  0.242661
2   5.65363  -0.364127  -0.216906
2   8.03896  -0.361146  -0.216756
2   -2.94519  -0.0713369  -0.142985
2   5.69208  -0.389582  -0.195984
2   0.493953  -0.237708  -0.0594535
2   0.874303  0.0474142  -0.019143
2   -5.37503  -0.139358  0.00188944
2   1.00208  -0.315656  -0.0401667
2   4.31782  -0.784602  -0.113706
2   6.96624  -0.716431  -0.130541
2   -2.57818  -0.617131  -0.0970227
2   5.73298  -0.773247  -0.111467
2   1.57607  -0.832811  -0.0954358
2   3.03909  -0.518074  -0.064193
2   -2.512  -0.829314  -0.0936401
2   4.28499  -0.83853  -0.0948355
2   4.48615  0.937457  0.520315
2   6.86918  0.937208  0.520244
2   -4.91324  0.920737  0.489748
2   5.00995  0.901748  0.508266
2   -1.75969  0.808671  0.487132
2   -1.62309  0.88673  0.459583
2   -9.53574  0.64786  0.460156
2   -1.32824  0.36934  0.417247
2   0.731684  0.718506  0.437155
2   2.25516  0.644418  0.445054
2   -5.74378  0.469508  0.401364
2   2.24365  0.696461  0.420756
2   -3.87468  0.34515  0.416723
2   -3.94746  0.323673  0.436463
2   -8.67751  0.00273729  0.394027
2   -1.9377  -0.0221799  0.391792
2   5.52006  -0.430716  0.285931
2   7.90117  -0.427491  0.285943
2   -2.65778  -0.0984539  0.34109
2   5.67414  -0.435655  0.310501
2   0.62549  -0.214456  0.324654
2   1.22233  0.0928042  0.372164
2   -4.95774  -0.0862598  0.375453
2   1.33982  -0.271886  0.400402
2   4.42496  -0.759901  0.378191
2   7.03462  -0.705774  0.363462
2   -2.46647  -0.585489  0.37591
2   5.82319  -0.74579  0.387249
2   1.58956  -0.79675  0.422509
2   3.127  -0.472509  0.387357
2   -2.49962  -0.792457  0.426377
2   4.28402  -0.801746  0.425814
2   -2.04573  0.845667  0.0662252
2   0.324191  0.845381  0.0661554
2   -11.2339  0.861029  -0.00526025
2   -1.45367  0.821199  0.0514015
2   -8.13626  0.781458  -0.0304648
2   -7.88114  0.855976  -0.0767989
2   -15.8193  0.681693  -0.104404
2   -7.36267  0.404057  -0.133902
2   -5.70597  0.718536  -0.0553135
2   -4.16566  0.66359  -0.0662234
2   -11.8581  0.516603  -0.0962641
2   -4.09136  0.697957  -0.0649724
2   -10.0904  0.416155  -0.109979
2   -10.1482  0.422767  -0.12211
2   -14.6109  0.161497  -0.149421
2   -7.85326  0.134823  -0.152354
2   -0.275486  -0.554894  -0.126767
2   2.10188  -0.551726  -0.12653
2   -8.58259  -0.251953  -0.126289
2   -0.024339  -0.560544  -0.143827
2   -5.24656  -0.435595  -0.180941
2   -4.76775  -0.162346  -0.175422
2   -10.7865  -0.287515  -0.187732
2   -4.2441  -0.42924  -0.201309
2   -0.699948  -0.844632  -0.238305
2   1.79405  -0.797895  -0.220964
2   -7.80346  -0.708273  -0.231172
2   0.677677  -0.828364  -0.239767
2   -3.47898  -0.838841  -0.248128
2   -2.35577  -0.621312  -0.228837
2   -7.57724  -0.830407  -0.247764
2   -0.785669  -0.839897  -0.248838
2   4.88243  0.84658  0.0608338
2   7.25361  0.846203  0.0604697
2   -4.19434  0.866376  -0.0280765
2   5.44148  0.819108  0.0446721
2   -1.25856  0.751999  -0.0723951
2   -0.797688  0.857804  -0.12821
2   -8.97668  0.617912  -0.178904
2   -0.419167  0.374935  -0.265589
2   0.996565  0.669326  -0.0921357
2   2.49584  0.58311  -0.123726
2   -4.98938  0.51384  -0.18395
2   2.63788  0.666437  -0.0951967
2   -3.37892  0.369233  -0.270319
2   -3.43445  0.341555  -0.317109
2   -7.95534  0.124634  -0.359261
2   -1.16734  0.0989136  -0.365321
2   7.42246  -0.737829  -0.748769
2   9.80882  -0.733832  -0.747817
2   -1.32852  -0.474362  -0.680913
2   7.5432  -0.736453  -0.759999
2   2.16876  -0.66214  -0.691862
2   2.36757  -0.422376  -0.636704
2   -3.69115  -0.515487  -0.646293
2   2.86158  -0.643068  -0.715868
2   6.77919  -0.969838  -0.836497
2   9.3322  -0.932566  -0.823583
2   -0.353349  -0.862236  -0.806594
2   8.169  -0.961796  -0.839463
2   3.97742  -0.979912  -0.845815
2   5.06605  -0.815702  -0.782467
2   -0.121495  -0.972387  -0.844386
2   6.68306  -0.981232  -0.847146
2   3.37303  0.67408  -0.622233
2   5.74015  0.673746  -0.622366
2   -5.55865  0.752595  -0.631942
2   3.94902  0.665897  -0.609854
2   -2.71039  0.654437  -0.630324
2   -2.1438  0.801667  -0.646858
2   -10.2988  0.583521  -0.623053
2   -1.6045  0.356668  -0.654114
2   -0.547519  0.660317  -0.515561
2   0.959988  0.571642  -0.527718
2   -6.27223  0.526372  -0.551309
2   1.18956  0.668944  -0.512285
2   -4.71852  0.393486  -0.562496
2   -4.74674  0.36229  -0.585282
2   -9.11344  0.18046  -0.558266
2   -2.32442  0.154445  -0.563516
2   6.54429  -0.809215  -0.946334
2   8.92784  -0.805392  -0.945896
2   -2.27255  -0.544758  -0.900366
2   6.66624  -0.79934  -0.94974
2   1.29562  -0.737697  -0.939413
2   1.43559  -0.503057  -0.909558
2   -4.58572  -0.576697  -0.903749
2   1.97371  -0.69045  -0.922867
2   5.9323  -0.975452  -0.949951
2   8.48259  -0.94867  -0.94947
2   -1.21821  -0.882793  -0.940919
2   7.31865  -0.97005  -0.950056
2   3.12287  -0.989909  -0.949471
2   4.20787  -0.856403  -0.945704
2   -0.97742  -0.98249  -0.947766
2   5.82979  -0.991358  -0.949674
2   0.220478  0.958646  0.698654
2   2.60031  0.958529  0.698576
2   -9.18129  0.946577  0.70683
2   0.683193  0.901705  0.707036
2   -5.97743  0.826004  0.716962
2   -5.83993  0.924041  0.711849
2   -13.8868  0.639061  0.739064
2   -5.88736  0.326376  0.747807
2   -3.84389  0.577732  0.762807
2   -2.2571  0.517378  0.76384
2   -10.4753  0.301199  0.779124
2   -2.43046  0.539236  0.768805
2   -8.62104  0.185552  0.776176
2   -8.59376  0.186037  0.786652
2   -13.6176  -0.238776  0.81561
2   -6.87949  -0.261794  0.813939
2   0.425229  -0.166541  0.543155
2   2.80503  -0.164271  0.543599
2   -7.53307  0.139832  0.602663
2   0.668302  -0.19322  0.564857
2   -4.4002  0.0326202  0.656152
2   -3.55962  0.337558  0.685842
2   -9.77848  0.111327  0.721279
2   -3.43942  -0.103606  0.684112
2   -0.429313  -0.69805  0.631791
2   2.11126  -0.612443  0.61697
2   -7.32771  -0.495859  0.622255
2   0.951724  -0.680807  0.621106
2   -3.26203  -0.73609  0.600794
2   -1.77033  -0.334097  0.628864
2   -7.36454  -0.732634  0.599891
2   -0.584298  -0.741671  0.598659
2   0.298817  0.814657  0.0195964
2   2.67478  0.814342  0.0195027
2   -8.97115  0.829178  -0.063542
2   0.888096  0.798061  -0.00218671
2   -5.83312  0.754893  -0.0912376
2   -5.66639  0.821759  -0.146741
2   -13.4689  0.666277  -0.179079
2   -5.00779  0.391117  -0.214732
2   -3.24723  0.754556  -0.159807
2   -1.68944  0.696774  -0.166747
2   -9.45799  0.541791  -0.199819
2   -1.65037  0.735967  -0.173801
2   -7.5962  0.441328  -0.213031
2   -7.66708  0.434831  -0.215036
2   -12.0864  0.194676  -0.253541
2   -5.32661  0.167808  -0.256279
2   2.27627  -0.660915  -0.230648
2   4.65788  -0.657424  -0.230379
2   -6.0796  -0.344391  -0.220317
2   2.51861  -0.648447  -0.244297
2   -2.66937  -0.523456  -0.269088
2   -2.24984  -0.246257  -0.252924
2   -8.24537  -0.34474  -0.273375
2   -1.76356  -0.470622  -0.280156
2   1.86086  -0.845569  -0.32544
2   4.35912  -0.815513  -0.310491
2   -5.26414  -0.729655  -0.311038
2   3.21486  -0.832713  -0.320921
2   -1.05121  -0.842739  -0.312211
2   0.14439  -0.662412  -0.297472
2   -5.15802  -0.8341  -0.310488
2   1.63382  -0.843526  -0.31137
2   -4.29414  0.870224  0.0432646
2   -1.91477  0.870075  0.0433747
2   -13.6789  0.865258  0.0469434
2   -3.79876  0.824655  0.0546779
2   -10.3675  0.783766  0.0735592
2   -10.3222  0.849603  0.0537519
2   -18.1218  0.648895  0.1146
2   -10.045  0.309971  0.192255
2   -8.10292  0.597918  0.130463
2   -6.42037  0.563088  0.146617
2   -14.7538  0.300445  0.209046
2   -6.71696  0.549485  0.136481
2   -12.7375  0.213255  0.249346
2   -12.7143  0.23261  0.267594
2   -17.5631  -0.173681  0.3562
2   -10.8158  -0.197598  0.357259
2   -3.2723  -0.334394  0.353244
2   -0.890147  -0.332033  0.353376
2   -11.3195  -0.00623923  0.313875
2   -2.92491  -0.326989  0.331594
2   -8.07413  -0.136667  0.33666
2   -7.33748  0.172995  0.287804
2   -13.4145  0.00974461  0.304909
2   -6.95881  -0.155835  0.277299
2   -3.59303  -0.675507  0.26233
2   -1.15109  -0.620735  0.27623
2   -10.6586  -0.524415  0.263778
2   -2.25659  -0.66173  0.25629
2   -6.52092  -0.694742  0.236955
2   -5.23529  -0.396709  0.272942
2   -10.6452  -0.688758  0.234977
2   -3.85873  -0.697777  0.23493
2   -1.28828  0.807293  -0.492675
2   1.08613  0.806989  -0.492657
2   -10.6178  0.838107  -0.52318
2   -0.787264  0.78119  -0.480967
2   -7.61842  0.738656  -0.490957
2   -7.39437  0.845884  -0.550843
2   -15.4212  0.625523  -0.462194
2   -6.91268  0.36168  -0.436785
2   -5.41611  0.650984  -0.380661
2   -3.87685  0.578728  -0.361219
2   -11.536  0.475337  -0.384729
2   -3.8446  0.64357  -0.391592
2   -9.7716  0.343631  -0.328833
2   -9.8377  0.348749  -0.337941
2   -14.3581  0.0831646  -0.264305
2   -7.58081  0.0574253  -0.265487
2   1.04542  -0.60008  -0.464712
2   3.42807  -0.596751  -0.464593
2   -7.54864  -0.303014  -0.465507
2   1.19499  -0.599371  -0.467783
2   -4.05855  -0.48314  -0.463828
2   -3.74581  -0.212385  -0.478435
2   -9.8338  -0.330891  -0.463729
2   -3.33993  -0.463479  -0.471289
2   0.250798  -0.839692  -0.467217
2   2.8106  -0.800862  -0.466736
2   -6.8067  -0.715408  -0.466685
2   1.6359  -0.828625  -0.467225
2   -2.53628  -0.854186  -0.465824
2   -1.29933  -0.650722  -0.465814
2   -6.63708  -0.84741  -0.465317
2   0.162704  -0.856536  -0.465755
2   5.16873  0.923735  0.40786
2   7.55205  0.923478  0.407824
2   -4.23629  0.906772  0.378478
2   5.69543  0.889636  0.396176
2   -1.07046  0.798132  0.380378
2   -0.955818  0.872355  0.350702
2   -8.81506  0.641879  0.359494
2   -0.613583  0.360058  0.3305
2   1.46105  0.719332  0.327453
2   3.00148  0.646856  0.339685
2   -5.04709  0.466414  0.306618
2   2.9611  0.696774  0.310554
2   -3.14108  0.343117  0.332907
2   -3.22382  0.323446  0.355367
2   -7.93565  0.00326874  0.326314
2   -1.19569  -0.0217399  0.324685
2   6.37726  -0.462021  0.262828
2   8.75843  -0.458744  0.262726
2   -1.83251  -0.12417  0.297341
2   6.53989  -0.459789  0.278041
2   1.47097  -0.242946  0.276454
2   2.03663  0.0668903  0.307571
2   -4.12682  -0.101411  0.306932
2   2.18238  -0.277678  0.334054
2   5.32169  -0.750745  0.314148
2   7.9238  -0.703128  0.305885
2   -1.58807  -0.585707  0.315769
2   6.71507  -0.737684  0.325797
2   2.46788  -0.786953  0.367726
2   3.98532  -0.480414  0.332669
2   -1.62358  -0.782441  0.371904
2   5.16128  -0.791713  0.3716
2   0.45513  0.777044  -0.310219
2   2.82813  0.7768  -0.310161
2   -8.79616  0.812969  -0.362359
2   1.00491  0.754477  -0.310597
2   -5.68011  0.734887  -0.349135
2   -5.49052  0.829659  -0.409934
2   -13.3453  0.647451  -0.360254
2   -4.94291  0.359941  -0.325813
2   -3.29302  0.671028  -0.30659
2   -1.69248  0.616323  -0.29312
2   -9.54735  0.456554  -0.295505
2   -1.74579  0.651004  -0.317209
2   -7.68719  0.353762  -0.250752
2   -7.72736  0.364463  -0.254003
2   -12.2686  0.0740457  -0.199774
2   -5.50251  0.0481315  -0.200101
2   2.53261  -0.551246  -0.175995
2   4.91554  -0.548239  -0.175981
2   -5.84352  -0.237694  -0.214665
2   2.77037  -0.547202  -0.196818
2   -2.4227  -0.413592  -0.237593
2   -1.96451  -0.128487  -0.276206
2   -8.01341  -0.256273  -0.271406
2   -1.50442  -0.385912  -0.280631
2   2.06414  -0.798661  -0.280291
2   4.56946  -0.758556  -0.263923
2   -5.03805  -0.664763  -0.281104
2   3.4253  -0.780957  -0.282819
2   -0.781406  -0.788561  -0.291829
2   0.415483  -0.577486  -0.280009
2   -4.88907  -0.78014  -0.292393
2   1.90532  -0.78933  -0.292542
2   5.54861  0.896275  0.108996
2   7.93105  0.896056  0.10887
2   -3.87347  0.89808  0.124981
2   5.97737  0.851975  0.125904
2   -0.837858  0.753989  0.154675
2   -0.647455  0.881876  0.136951
2   -8.72855  0.565441  0.205414
2   -0.496496  0.299074  0.193882
2   1.25233  0.590531  0.249847
2   2.8051  0.494661  0.260283
2   -5.15956  0.387516  0.22567
2   2.71406  0.582465  0.249874
2   -3.39476  0.23613  0.229547
2   -3.45289  0.23021  0.211591
2   -8.26817  -0.114223  0.251855
2   -1.51613  -0.139065  0.250701
2   7.2  -0.370477  -0.132917
2   9.58696  -0.367571  -0.132746
2   -1.34393  -0.0695489  -0.0763348
2   7.26348  -0.388231  -0.121888
2   2.07882  -0.235549  0.00134615
2   2.4945  0.0556893  0.0308545
2   -3.74854  -0.126552  0.0448701
2   2.61702  -0.293675  -0.00116725
2   5.9564  -0.764208  -0.0776131
2   8.58954  -0.700335  -0.0869066
2   -0.958681  -0.600894  -0.0573424
2   7.35597  -0.751027  -0.0755587
2   3.15277  -0.801638  -0.0623254
2   4.62819  -0.498631  -0.0225082
2   -0.942287  -0.797295  -0.0609517
2   5.85299  -0.806442  -0.0619893
2   4.89318  0.665614  -0.573024
2   7.26479  0.665335  -0.573066
2   -4.20015  0.745553  -0.590644
2   5.43305  0.655538  -0.561378
2   -1.30718  0.650854  -0.570786
2   -0.875011  0.799735  -0.608738
2   -8.96852  0.580825  -0.547755
2   -0.402575  0.332908  -0.537634
2   0.928112  0.647389  -0.468461
2   2.44793  0.56468  -0.46137
2   -5.00875  0.479619  -0.468472
2   2.60021  0.649798  -0.471397
2   -3.37138  0.351373  -0.437923
2   -3.41322  0.330263  -0.442158
2   -7.90016  0.0975928  -0.381041
2   -1.11699  0.0719892  -0.383845
2   7.67289  -0.727615  -0.673021
2   10.0581  -0.724092  -0.672778
2   -1.00561  -0.43518  -0.650278
2   7.81348  -0.712524  -0.673672
2   2.52348  -0.609833  -0.66464
2   2.77497  -0.347921  -0.658465
2   -3.27994  -0.441953  -0.645908
2   3.21818  -0.560123  -0.653505
2   6.99627  -0.892186  -0.656468
2   9.5527  -0.865436  -0.658909
2   -0.116334  -0.785497  -0.654303
2   8.37066  -0.883202  -0.655785
2   4.13584  -0.903242  -0.651947
2   5.33461  -0.738144  -0.656419
2   0.0317757  -0.895978  -0.650702
2   6.83425  -0.904872  -0.651668
2   8.6768  0.999471  0.999293
2   11.0606  0.999316  0.999143
2   -0.743894  0.979365  0.994618
2   9.13178  0.947331  0.998228
2   2.43156  0.841296  0.992208
2   2.59227  0.945597  0.986085
2   -5.50474  0.637607  0.985366
2   2.51753  0.357495  0.931516
2   4.60103  0.650748  0.99601
2   6.1608  0.569068  0.992984
2   -2.00815  0.388423  0.9476
2   6.01544  0.623196  0.992014
2   -0.172618  0.259202  0.927285
2   -0.156426  0.229455  0.935143
2   -5.2197  -0.150983  0.889339
2   1.52296  -0.174224  0.886082
2   8.91456  -0.230601  0.626621
2   11.3055  -0.227669  0.626883
2   0.827397  0.0903429  0.728403
2   8.99146  -0.257375  0.66285
2   3.96577  0.00593201  0.769971
2   4.74604  0.321434  0.842816
2   -1.61225  0.0737089  0.869667
2   4.62764  -0.14882  0.839237
2   7.49362  -0.731125  0.751732
2   10.1674  -0.64893  0.730791
2   0.707946  -0.506315  0.745295
2   8.91054  -0.707933  0.744884
2   4.72003  -0.760436  0.738214
2   6.39438  -0.340649  0.760395
2   0.633299  -0.75686  0.739022
2   7.41405  -0.765679  0.737203
2   7.17621  0.920573  0.645245
2   9.55308  0.920268  0.64483
2   -2.0392  0.91671  0.57435
2   7.70179  0.88301  0.625745
2   1.00719  0.788917  0.514786
2   1.33844  0.889758  0.490435
2   -6.8067  0.62125  0.397682
2   1.5577  0.374711  0.284138
2   3.268  0.669359  0.456691
2   4.79056  0.581142  0.413526
2   -2.9547  0.493735  0.350798
2   4.82392  0.65934  0.460727
2   -1.26516  0.360659  0.22767
2   -1.30045  0.338558  0.190887
2   -5.99971  0.0794428  0.0923313
2   0.771858  0.0535286  0.0855146
2   8.7952  -0.545778  -0.262722
2   11.1842  -0.542187  -0.261907
2   0.249438  -0.264366  -0.141782
2   8.88945  -0.559276  -0.268205
2   3.56132  -0.436673  -0.109493
2   3.94968  -0.174724  -0.0118998
2   -2.18735  -0.3156  -0.0281316
2   4.29914  -0.477258  -0.138789
2   7.939  -0.903505  -0.371425
2   10.5216  -0.845725  -0.356005
2   0.882088  -0.759442  -0.326538
2   9.3323  -0.890586  -0.376501
2   5.14261  -0.916774  -0.388554
2   6.34409  -0.6683  -0.263785
2   1.04868  -0.909784  -0.387176
2   7.84436  -0.918994  -0.390925
2   2.79013  0.922305  0.510487
2   5.17061  0.922146  0.510398
2   -6.58147  0.911449  0.502883
2   3.26212  0.871547  0.513306
2   -3.36407  0.795438  0.504535
2   -3.2381  0.887589  0.49203
2   -11.1907  0.619637  0.505194
2   -3.16128  0.312898  0.516447
2   -1.16729  0.592019  0.519353
2   0.466292  0.529541  0.517371
2   -7.82374  0.322827  0.540682
2   0.221765  0.556425  0.525747
2   -5.90546  0.208527  0.526697
2   -5.88886  0.204623  0.530354
2   -10.8647  -0.189391  0.557365
2   -4.11534  -0.212938  0.555763
2   3.49255  -0.301615  0.368535
2   5.87856  -0.29895  0.368827
2   -4.62235  0.0115275  0.398103
2   3.72414  -0.310457  0.360716
2   -1.36467  -0.109024  0.445681
2   -0.63737  0.194295  0.454161
2   -6.83689  0.00139562  0.472048
2   -0.46453  -0.184112  0.408472
2   2.78365  -0.720601  0.298025
2   5.31388  -0.652909  0.307788
2   -4.17386  -0.544666  0.310285
2   4.15481  -0.704226  0.291287
2   -0.0961854  -0.745436  0.279881
2   1.33104  -0.406327  0.347076
2   -4.20438  -0.740474  0.279618
2   2.58196  -0.749368  0.278124
2   5.36851  0.823512  -0.115302
2   7.74192  0.823123  -0.115525
2   -3.7633  0.845516  -0.186731
2   5.95054  0.805722  -0.128605
2   -0.790071  0.746249  -0.212804
2   -0.400002  0.839469  -0.263551
2   -8.45275  0.637191  -0.287418
2   0.167909  0.396943  -0.358063
2   1.63166  0.728135  -0.223584
2   3.1107  0.646908  -0.23879
2   -4.30329  0.571902  -0.300112
2   3.31556  0.727154  -0.234289
2   -2.63  0.437689  -0.335507
2   -2.70782  0.416292  -0.355667
2   -7.07978  0.222331  -0.395706
2   -0.302817  0.19565  -0.400869
2   7.94571  -0.763018  -0.668393
2   10.3269  -0.759037  -0.667812
2   -0.697284  -0.47797  -0.605001
2   8.09766  -0.755263  -0.66671
2   2.78499  -0.666232  -0.641356
2   3.01106  -0.416561  -0.586271
2   -2.99806  -0.497413  -0.599776
2   3.52376  -0.623038  -0.617868
2   7.31083  -0.939898  -0.678802
2   9.85455  -0.911252  -0.677211
2   0.190011  -0.838648  -0.659355
2   8.69609  -0.934172  -0.673899
2   4.48971  -0.958206  -0.660729
2   5.62323  -0.801564  -0.647755
2   0.393436  -0.950893  -0.657935
2   7.19354  -0.960143  -0.659768
2   1.04153  0.96746  0.630118
2   3.42086  0.967299  0.629996
2   -8.32848  0.950094  0.632496
2   1.51097  0.911304  0.635559
2   -5.17054  0.820133  0.635281
2   -4.99067  0.919742  0.63049
2   -13.0596  0.623205  0.643717
2   -5.00618  0.326193  0.633517
2   -3.0024  0.583239  0.667317
2   -1.42672  0.512712  0.663431
2   -9.60495  0.330202  0.664653
2   -1.58131  0.552067  0.672385
2   -7.76665  0.204086  0.647539
2   -7.78188  0.201386  0.646777
2   -12.7585  -0.19651  0.658508
2   -6.01451  -0.220045  0.656228
2   1.67904  -0.232307  0.386975
2   4.06038  -0.229758  0.387278
2   -6.46633  0.0711587  0.443518
2   1.86176  -0.257272  0.395485
2   -3.276  -0.0488805  0.492251
2   -2.57078  0.250872  0.523281
2   -8.79934  0.0361454  0.546502
2   -2.42956  -0.169294  0.494458
2   0.686954  -0.731591  0.396067
2   3.26085  -0.651032  0.393361
2   -6.21666  -0.538398  0.402282
2   2.08508  -0.715522  0.390077
2   -2.09223  -0.769721  0.384171
2   -0.646596  -0.391661  0.431334
2   -6.1877  -0.766024  0.384612
2   0.597502  -0.775095  0.382993
2   -4.97068  0.787973  -0.431244
2   -2.60548  0.787672  -0.431183
2   -14.0228  0.817203  -0.516682
2   -4.32361  0.77092  -0.442738
2   -10.8309  0.766262  -0.533802
2   -10.5768  0.825357  -0.597501
2   -18.3034  0.708913  -0.602869
2   -9.72757  0.423401  -0.592815
2   -8.31956  0.727447  -0.521296
2   -6.68212  0.69209  -0.526202
2   -14.3748  0.53283  -0.541811
2   -6.7121  0.701974  -0.533295
2   -12.469  0.453952  -0.524261
2   -12.4863  0.474682  -0.54643
2   -16.7805  0.241639  -0.533836
2   -10.0096  0.214505  -0.535516
2   -2.35964  -0.627576  -0.325701
2   0.0189097  -0.624465  -0.325654
2   -10.7506  -0.333917  -0.398502
2   -2.06089  -0.629972  -0.369115
2   -7.34494  -0.540762  -0.489379
2   -6.94392  -0.280229  -0.543876
2   -12.8934  -0.382047  -0.554294
2   -6.23189  -0.497855  -0.563471
2   -2.42902  -0.871667  -0.56227
2   0.0109587  -0.832441  -0.525262
2   -9.63315  -0.750268  -0.564399
2   -1.06637  -0.851673  -0.568568
2   -5.19773  -0.836452  -0.593979
2   -4.25413  -0.674284  -0.576493
2   -9.30538  -0.825706  -0.595429
2   -2.50861  -0.835084  -0.595944
2   1.24692  0.92164  0.398166
2   3.62258  0.92139  0.397899
2   -7.99694  0.91457  0.37359
2   1.74109  0.875911  0.396763
2   -4.94863  0.784121  0.352409
2   -4.64229  0.888275  0.339098
2   -12.7857  0.603189  0.313915
2   -4.52243  0.328464  0.259029
2   -2.82824  0.61014  0.365679
2   -1.27772  0.52788  0.343493
2   -9.16517  0.400108  0.313372
2   -1.32014  0.5922  0.372636
2   -7.47065  0.263929  0.240473
2   -7.51145  0.252297  0.205346
2   -12.2927  -0.0730471  0.185309
2   -5.53609  -0.0979329  0.18161
2   2.86798  -0.436331  -0.15116
2   5.25288  -0.433223  -0.15054
2   -5.64298  -0.152544  -0.0940718
2   2.99498  -0.451225  -0.160739
2   -2.30963  -0.32141  -0.0605731
2   -1.88791  -0.0478631  -0.0197213
2   -8.05202  -0.209407  -0.0224005
2   -1.58043  -0.373087  -0.0969267
2   1.9502  -0.828213  -0.219784
2   4.52572  -0.765108  -0.210103
2   -5.06429  -0.676938  -0.189357
2   3.34495  -0.815537  -0.223237
2   -0.825561  -0.852344  -0.230536
2   0.438996  -0.577097  -0.156053
2   -4.92363  -0.846636  -0.230062
2   1.8724  -0.855666  -0.232238
2   0.133889  0.69051  -0.686535
2   2.49896  0.690172  -0.686618
2   -8.75083  0.761718  -0.693455
2   0.733787  0.681707  -0.67304
2   -5.85401  0.671461  -0.692178
2   -5.28716  0.804196  -0.70418
2   -13.3807  0.604667  -0.683022
2   -4.6584  0.374626  -0.709194
2   -3.66891  0.673089  -0.568008
2   -2.13721  0.592343  -0.580984
2   -9.36991  0.540367  -0.603709
2   -1.93422  0.67794  -0.564657
2   -7.76738  0.416965  -0.609932
2   -7.78655  0.393839  -0.636869
2   -12.0947  0.217974  -0.610523
2   -5.30851  0.19162  -0.615557
2   3.46993  -0.787828  -0.909729
2   5.85155  -0.7841  -0.909409
2   -5.33162  -0.527383  -0.886104
2   3.60185  -0.78344  -0.921885
2   -1.7922  -0.730634  -0.943432
2   -1.64831  -0.499709  -0.929579
2   -7.66517  -0.574993  -0.925873
2   -1.06673  -0.687521  -0.942087
2   2.88923  -0.974826  -0.960228
2   5.43097  -0.944747  -0.952439
2   -4.2654  -0.879626  -0.953875
2   4.28164  -0.967451  -0.961761
2   0.129725  -0.981288  -0.966971
2   1.16695  -0.850223  -0.963668
2   -3.96943  -0.973274  -0.965819
2   2.83763  -0.982227  -0.967612
2   9.35691  0.996612  0.993664
2   11.7401  0.99645  0.993489
2   -0.0459946  0.976631  0.985525
2   9.81442  0.944236  0.991394
2   3.11983  0.836796  0.978388
2   3.29481  0.942426  0.972524
2   -4.80627  0.631504  0.963797
2   3.22249  0.353581  0.907349
2   5.2928  0.644083  0.975881
2   6.85518  0.560839  0.969192
2   -1.31206  0.387427  0.926999
2   6.7072  0.617706  0.973605
2   0.523284  0.256279  0.896926
2   0.535773  0.226874  0.901016
2   -4.52193  -0.149527  0.85384
2   2.22262  -0.172848  0.850299
2   9.69803  -0.246525  0.578171
2   12.0888  -0.243548  0.57846
2   1.57381  0.070945  0.679642
2   9.77446  -0.272391  0.608316
2   4.71982  -0.0188957  0.723828
2   5.47355  0.293099  0.796364
2   -0.876192  0.0515719  0.82018
2   5.37936  -0.167004  0.777718
2   8.30645  -0.74071  0.668204
2   10.9755  -0.659668  0.65261
2   1.50426  -0.521174  0.66782
2   9.72112  -0.718285  0.661438
2   5.52213  -0.769513  0.655114
2   7.16777  -0.359803  0.691531
2   1.43452  -0.765775  0.656039
2   8.21642  -0.774593  0.653988
2   7.16971  0.894197  0.337141
2   9.54577  0.893878  0.336879
2   -2.0502  0.895106  0.273943
2   7.71735  0.862649  0.320476
2   0.965597  0.77911  0.242229
2   1.28921  0.872745  0.203564
2   -6.78611  0.629007  0.162557
2   1.61294  0.371063  0.0839923
2   3.34367  0.6939  0.194203
2   4.83683  0.610957  0.176375
2   -2.86136  0.497533  0.119201
2   4.93988  0.683298  0.185639
2   -1.161  0.360459  0.0669147
2   -1.24214  0.335203  0.0471873
2   -5.84372  0.071011  -0.00789605
2   0.917573  0.0454771  -0.0124626
2   8.96156  -0.587456  -0.280875
2   11.3436  -0.583847  -0.280314
2   0.478979  -0.295241  -0.213426
2   9.10463  -0.591798  -0.275126
2   3.88131  -0.456129  -0.229475
2   4.25792  -0.18739  -0.170733
2   -1.84611  -0.320338  -0.178671
2   4.59265  -0.47535  -0.204734
2   8.13016  -0.877315  -0.283534
2   10.7043  -0.8303  -0.28366
2   1.10666  -0.739138  -0.265537
2   9.52495  -0.866966  -0.279721
2   5.31519  -0.9019  -0.263445
2   6.60053  -0.663068  -0.246245
2   1.22246  -0.895961  -0.260542
2   8.01702  -0.905101  -0.262354
2   2.84728  0.8974  0.236544
2   5.22386  0.897194  0.236448
2   -6.42382  0.891309  0.219188
2   3.35773  0.852561  0.238961
2   -3.22397  0.786223  0.215611
2   -3.03746  0.869848  0.197935
2   -10.9659  0.630202  0.204427
2   -2.78232  0.32595  0.206817
2   -1.00363  0.611143  0.241335
2   0.629035  0.552543  0.234538
2   -7.47485  0.362359  0.24446
2   0.447103  0.578676  0.247358
2   -5.60333  0.251639  0.219511
2   -5.60193  0.255412  0.206389
2   -10.3853  -0.102112  0.229814
2   -3.63355  -0.126715  0.228211
2   4.25899  -0.394088  0.0742975
2   6.6423  -0.391327  0.0746898
2   -4.02285  -0.0911378  0.0825698
2   4.49867  -0.399796  0.0562838
2   -0.719548  -0.246102  0.10409
2   -0.147387  0.0424153  0.101755
2   -6.26297  -0.118645  0.105842
2   0.209165  -0.281538  0.0522943
2   3.68312  -0.764301  -0.0223728
2   6.18751  -0.704777  -0.0079805
2   -3.36121  -0.613183  -0.00510469
2   5.04973  -0.750312  -0.0274146
2   0.835194  -0.781945  -0.0419585
2   2.0952  -0.500397  0.0164282
2   -3.27529  -0.775775  -0.0427158
2   3.51618  -0.784828  -0.0439395
2   6.73313  0.762333  -0.52093
2   9.10745  0.762035  -0.520988
2   -2.41068  0.812749  -0.509303
2   7.23707  0.739466  -0.498078
2   0.504737  0.692354  -0.472233
2   0.925387  0.837629  -0.499325
2   -7.19952  0.571739  -0.408906
2   1.32542  0.333052  -0.406409
2   2.63199  0.623777  -0.318057
2   4.15194  0.528761  -0.305535
2   -3.35146  0.472346  -0.332817
2   4.25817  0.629991  -0.320061
2   -1.70292  0.322312  -0.2972
2   -1.74452  0.306316  -0.310655
2   -6.29314  0.0587139  -0.240839
2   0.484758  0.0332783  -0.243551
2   9.51547  -0.636843  -0.657458
2   11.8996  -0.63334  -0.657266
2   0.771304  -0.35382  -0.613461
2   9.59448  -0.636863  -0.648016
2   4.30215  -0.533806  -0.594936
2   4.52851  -0.273347  -0.57624
2   -1.59399  -0.39039  -0.557586
2   4.87153  -0.524533  -0.572832
2   8.52823  -0.876325  -0.5881
2   11.1305  -0.837428  -0.599021
2   1.49495  -0.756361  -0.581445
2   9.92443  -0.869054  -0.586032
2   5.73246  -0.906952  -0.575574
2   7.01484  -0.705151  -0.576007
2   1.6362  -0.901349  -0.573901
2   8.43951  -0.910315  -0.574992
2   9.31172  0.968878  0.907703
2   11.6912  0.968663  0.907351
2   0.0221588  0.953784  0.871488
2   9.78755  0.916608  0.897102
2   3.10582  0.80636  0.832382
2   3.38631  0.920637  0.823675
2   -4.77445  0.598249  0.76258
2   3.33343  0.335357  0.682339
2   5.28206  0.60442  0.793921
2   6.83986  0.513017  0.762563
2   -1.24761  0.389032  0.730088
2   6.72309  0.586122  0.801209
2   0.525778  0.247952  0.634953
2   0.500338  0.22174  0.61141
2   -4.49289  -0.120696  0.550279
2   2.26813  -0.144674  0.544803
2   10.2932  -0.35357  0.170761
2   12.6828  -0.350376  0.171324
2   1.90481  -0.0641426  0.278978
2   10.3638  -0.377166  0.16939
2   5.13435  -0.193651  0.339353
2   5.69142  0.090432  0.417436
2   -0.583137  -0.109422  0.424058
2   5.79785  -0.303752  0.310922
2   9.11025  -0.819627  0.0756644
2   11.745  -0.744109  0.08829
2   2.19138  -0.634349  0.109295
2   10.5232  -0.802346  0.0684749
2   6.34204  -0.844768  0.0617579
2   7.75241  -0.501888  0.1797
2   2.25333  -0.839919  0.0632819
2   9.04401  -0.8488  0.0597997
2   1.88496  0.758675  -0.529506
2   4.24992  0.758356  -0.529496
2   -7.0765  0.800995  -0.586931
2   2.52624  0.744227  -0.531933
2   -3.9703  0.736025  -0.597756
2   -3.59199  0.819362  -0.642778
2   -11.4211  0.674174  -0.639149
2   -2.79217  0.409183  -0.64311
2   -1.53617  0.709828  -0.543585
2   0.072378  0.658525  -0.551779
2   -7.46511  0.539243  -0.571294
2   0.116569  0.695176  -0.550155
2   -5.65119  0.444262  -0.562714
2   -5.66393  0.449871  -0.587845
2   -9.9545  0.239737  -0.571105
2   -3.17822  0.212843  -0.574045
2   4.86695  -0.685946  -0.542654
2   7.24622  -0.682601  -0.54251
2   -3.6713  -0.405701  -0.581924
2   5.11145  -0.686733  -0.575549
2   -0.225024  -0.612912  -0.662593
2   0.0814611  -0.3644  -0.693187
2   -5.88477  -0.456141  -0.698807
2   0.767895  -0.570582  -0.710765
2   4.64903  -0.911455  -0.716558
2   7.11981  -0.875213  -0.689405
2   -2.54572  -0.799741  -0.715589
2   6.02164  -0.896013  -0.721273
2   1.88277  -0.890959  -0.73992
2   2.84125  -0.74124  -0.72727
2   -2.22186  -0.881163  -0.740462
2   4.57877  -0.890393  -0.741456
2   8.87955  0.921477  0.571816
2   11.2538  0.921184  0.57137
2   -0.26269  0.91631  0.513658
2   9.39803  0.87929  0.556605
2   2.72459  0.775842  0.4595
2   3.12937  0.888252  0.439735
2   -5.06102  0.589949  0.356529
2   3.27425  0.33543  0.24323
2   4.88824  0.629787  0.413402
2   6.4162  0.534056  0.370608
2   -1.34416  0.443473  0.306665
2   6.43821  0.620702  0.419597
2   0.279459  0.295724  0.174185
2   0.224571  0.266784  0.11593
2   -4.50043  -0.0194698  0.0396583
2   2.26222  -0.0447365  0.0339516
2   10.7945  -0.522776  -0.377764
2   13.1824  -0.519285  -0.376852
2   2.12818  -0.255411  -0.292453
2   10.8687  -0.539905  -0.389965
2   5.53147  -0.438813  -0.265917
2   5.83692  -0.181112  -0.194114
2   -0.332685  -0.330806  -0.209819
2   6.15145  -0.484694  -0.307772
2   9.84364  -0.900553  -0.481943
2   12.4436  -0.839682  -0.467035
2   2.81202  -0.756202  -0.438137
2   11.2474  -0.887373  -0.485042
2   7.07354  -0.916264  -0.489815
2   8.30083  -0.670463  -0.39349
2   2.98012  -0.90982  -0.48848
2   9.77998  -0.918753  -0.491553
2   7.59436  0.633881  -0.706758
2   9.95977  0.633561  -0.706871
2   -1.19807  0.725677  -0.697696
2   8.19936  0.630074  -0.689642
2   1.65075  0.630083  -0.694444
2   2.31336  0.787696  -0.694167
2   -5.81826  0.572365  -0.671943
2   2.90016  0.350656  -0.701281
2   3.8537  0.65839  -0.560439
2   5.37481  0.568118  -0.575289
2   -1.79994  0.528317  -0.589642
2   5.62048  0.669212  -0.552808
2   -0.248917  0.399575  -0.601875
2   -0.259049  0.362862  -0.624079
2   -4.59286  0.191625  -0.593997
2   2.19509  0.165592  -0.599588
2   11.1337  -0.827424  -0.988107
2   13.5168  -0.823613  -0.987731
2   2.28632  -0.567466  -0.944597
2   11.2499  -0.81657  -0.993798
2   5.84314  -0.763068  -0.994066
2   5.96228  -0.532951  -0.966164
2   -0.0553334  -0.602702  -0.959629
2   6.52532  -0.712649  -0.976531
2   10.5367  -0.986507  -0.998604
2   13.0876  -0.960866  -0.997057
2   3.37479  -0.896825  -0.990969
2   11.9254  -0.981059  -0.99906
2   7.73469  -0.998795  -0.999696
2   8.79162  -0.874134  -0.999544
2   3.63459  -0.99119  -0.997996
2   10.4428  -1  -1
