0.02  0.00147105
0.04  0.00506975
0.06  0.0103067
0.08  0.0168897
0.1  0.0245885
0.12  0.0332039
0.14  0.0425556
0.16  0.0524764
0.18  0.0628096
0.2  0.0734077
0.22  0.0841318
0.24  0.0948514
0.26  0.105444
0.28  0.115796
0.3  0.125801
0.32  0.135362
0.34  0.14439
0.36  0.152804
0.38  0.160531
0.4  0.167509
0.42  0.173679
0.44  0.178995
0.46  0.183416
0.48  0.18691
0.5  0.189452
0.52  0.191024
0.54  0.191618
0.56  0.191231
0.58  0.18987
0.6  0.187547
0.62  0.184283
0.64  0.180109
0.66  0.175062
0.68  0.169186
0.7  0.162537
0.72  0.155176
0.74  0.147177
0.76  0.138618
0.78  0.12959
0.8  0.120192
0.82  0.110531
0.84  0.100726
0.86  0.0909016
0.88  0.081195
0.9  0.0717517
0.92  0.0627269
0.94  0.054286
0.96  0.0466043
0.98  0.0398658
1  0.0342607
1.02  0.0299772
1.04  0.0271862
1.06  0.0260176
1.08  0.0265336
1.1  0.0287146
1.12  0.0324663
1.14  0.037643
1.16  0.0440729
1.18  0.0515758
1.2  0.059974
1.22  0.0690959
1.24  0.0787782
1.26  0.0888666
1.28  0.0992152
1.3  0.109687
1.32  0.120153
1.34  0.130493
1.36  0.140594
1.38  0.150354
1.4  0.159677
1.42  0.168476
1.44  0.176671
1.46  0.184191
1.48  0.190975
1.5  0.196966
1.52  0.20212
1.54  0.206397
1.56  0.209768
1.58  0.212208
1.6  0.213705
1.62  0.214252
1.64  0.213851
1.66  0.212511
1.68  0.21025
1.7  0.207096
1.72  0.203082
1.74  0.198253
1.76  0.192659
1.78  0.186363
1.8  0.179434
1.82  0.171951
1.84  0.164
1.86  0.155678
1.88  0.14709
1.9  0.138349
1.92  0.129576
1.94  0.120899
1.96  0.112453
1.98  0.104378
2  0.0968172
2.02  0.0899165
2.04  0.0838187
2.06  0.0786607
2.08  0.0745679
2.1  0.0716478
2.12  0.0699835
2.14  0.0696277
2.16  0.0705983
2.18  0.0728777
2.2  0.0764143
2.22  0.0811274
2.24  0.0869127
2.26  0.0936494
2.28  0.101206
2.3  0.109444
2.32  0.118225
2.34  0.127409
2.36  0.136862
2.38  0.146451
2.4  0.156053
2.42  0.165549
2.44  0.174826
2.46  0.183782
2.48  0.19232
2.5  0.200353
2.52  0.207801
2.54  0.214594
2.56  0.220669
2.58  0.225974
2.6  0.230463
2.62  0.2341
2.64  0.236856
2.66  0.238713
2.68  0.23966
2.7  0.239693
2.72  0.238819
2.74  0.23705
2.76  0.234409
2.78  0.230927
2.8  0.226641
2.82  0.221599
2.84  0.215856
2.86  0.209474
2.88  0.202525
2.9  0.195088
2.92  0.187251
2.94  0.179107
2.96  0.17076
2.98  0.162317
3  0.153896
3.02  0.145616
3.04  0.137603
3.06  0.129987
3.08  0.122896
3.1  0.116459
3.12  0.1108
3.14  0.106035
3.16  0.102268
3.18  0.0995867
3.2  0.0980562
3.22  0.0977178
3.24  0.0985849
3.26  0.100642
3.28  0.103848
3.3  0.108133
3.32  0.113408
3.34  0.119568
3.36  0.126493
3.38  0.134055
3.4  0.142125
3.42  0.150569
3.44  0.159256
3.46  0.168058
3.48  0.176853
3.5  0.185524
3.52  0.193962
3.54  0.202065
3.56  0.20974
3.58  0.216902
3.6  0.223473
3.62  0.229388
3.64  0.234587
3.66  0.23902
3.68  0.242645
3.7  0.245429
3.72  0.247348
3.74  0.248384
3.76  0.248529
3.78  0.247783
3.8  0.246153
3.82  0.243654
3.84  0.240309
3.86  0.236149
3.88  0.231213
3.9  0.225546
3.92  0.219202
3.94  0.212242
3.96  0.204736
3.98  0.196762
4  0.188406
4.02  0.179761
4.04  0.170929
4.06  0.16202
4.08  0.153148
4.1  0.144436
4.12  0.136012
4.14  0.128006
4.16  0.120551
4.18  0.113778
4.2  0.107815
4.22  0.102782
4.24  0.0987837
4.26  0.0959098
4.28  0.094225
4.3  0.0937668
4.32  0.0945425
4.34  0.0965288
4.36  0.0996727
4.38  0.103895
4.4  0.109096
4.42  0.11516
4.44  0.121958
4.46  0.129359
4.48  0.137226
4.5  0.145424
4.52  0.153821
4.54  0.162288
4.56  0.170705
4.58  0.178958
4.6  0.186939
4.62  0.19455
4.64  0.201701
4.66  0.20831
4.68  0.214304
4.7  0.219618
4.72  0.224195
4.74  0.227989
4.76  0.230958
4.78  0.233071
4.8  0.234304
4.82  0.234639
4.84  0.234069
4.86  0.232591
4.88  0.230213
4.9  0.226948
4.92  0.222817
4.94  0.217852
4.96  0.212088
4.98  0.205573
5  0.19836
5.02  0.190512
5.04  0.182101
5.06  0.173207
5.08  0.163918
5.1  0.154334
5.12  0.144561
5.14  0.134714
5.16  0.124917
5.18  0.115303
5.2  0.106008
5.22  0.0971796
5.24  0.0889647
5.26  0.0815142
5.28  0.0749761
5.3  0.0694911
5.32  0.0651859
5.34  0.0621644
5.36  0.0605001
5.38  0.0602282
5.4  0.0613428
5.42  0.0637969
5.44  0.0675075
5.46  0.0723632
5.48  0.0782328
5.5  0.0849727
5.52  0.0924338
5.54  0.100466
5.56  0.10892
5.58  0.117654
5.6  0.126531
5.62  0.135419
5.64  0.144198
5.66  0.152753
5.68  0.160977
5.7  0.168775
5.72  0.176056
5.74  0.182741
5.76  0.188757
5.78  0.194042
5.8  0.198538
5.82  0.202199
5.84  0.204986
5.86  0.206866
5.88  0.207815
5.9  0.207819
5.92  0.206869
5.94  0.204964
5.96  0.202112
5.98  0.19833
6  0.193641
6.02  0.188077
6.04  0.181679
6.06  0.174496
6.08  0.166587
6.1  0.158016
6.12  0.14886
6.14  0.139202
6.16  0.129135
6.18  0.11876
6.2  0.108188
6.22  0.0975353
6.24  0.0869304
6.26  0.0765087
6.28  0.0664153
6.3  0.0568053
6.32  0.047844
6.34  0.0397068
6.36  0.0325802
6.38  0.0266616
6.4  0.0221521
6.42  0.0192383
6.44  0.0180581
6.46  0.0186617
6.48  0.0209954
6.5  0.0249201
6.52  0.03025
6.54  0.0367839
6.56  0.0443237
6.58  0.0526809
6.6  0.0616788
6.62  0.0711518
6.64  0.0809447
6.66  0.0909122
6.68  0.100918
6.7  0.110835
6.72  0.120545
6.74  0.129937
6.76  0.13891
6.78  0.147371
6.8  0.155234
6.82  0.162424
6.84  0.168872
6.86  0.174519
6.88  0.179312
6.9  0.18321
6.92  0.186176
6.94  0.188184
6.96  0.189216
6.98  0.18926
7  0.188314
7.02  0.186384
7.04  0.183483
7.06  0.179633
7.08  0.174864
7.1  0.169215
7.12  0.16273
7.14  0.155466
7.16  0.147485
7.18  0.138858
7.2  0.129664
7.22  0.119992
7.24  0.109936
7.26  0.0996001
7.28  0.0890966
7.3  0.0785447
7.32  0.0680718
7.34  0.0578134
7.36  0.0479135
7.38  0.0385249
7.4  0.0298117
7.42  0.0219512
7.44  0.0151406
7.46  0.00960684
7.48  0.00562652
7.5  0.00354246
7.52  0.00367945
7.54  0.00605067
7.56  0.010325
7.58  0.0161412
7.6  0.0232176
7.62  0.0313292
7.64  0.0402824
7.66  0.0499027
7.68  0.0600284
7.7  0.0705076
7.72  0.0811973
7.74  0.0919621
7.76  0.102675
7.78  0.113216
7.8  0.123473
7.82  0.133344
7.84  0.142732
7.86  0.151551
7.88  0.159721
7.9  0.167174
7.92  0.173847
7.94  0.179687
7.96  0.184649
7.98  0.188698
8  0.191804
8.02  0.19395
8.04  0.195121
8.06  0.195316
8.08  0.194538
8.1  0.192799
8.12  0.19012
8.14  0.186528
8.16  0.182059
8.18  0.176758
8.2  0.170676
8.22  0.163873
8.24  0.156418
8.26  0.148388
8.28  0.139867
8.3  0.130949
8.32  0.121737
8.34  0.112342
8.36  0.102883
8.38  0.093489
8.4  0.0842979
8.42  0.0754553
8.44  0.0671159
8.46  0.0594415
8.48  0.0526
8.5  0.0467619
8.52  0.0420943
8.54  0.0387514
8.56  0.0368605
8.58  0.0365063
8.6  0.0377174
8.62  0.0404618
8.64  0.0446525
8.66  0.0501617
8.68  0.0568367
8.7  0.0645128
8.72  0.0730225
8.74  0.0822007
8.76  0.0918877
8.78  0.101931
8.8  0.112185
8.82  0.122514
8.84  0.13279
8.86  0.142893
8.88  0.152713
8.9  0.162148
8.92  0.171105
8.94  0.179502
8.96  0.187263
8.98  0.194322
9  0.200623
9.02  0.206117
9.04  0.210763
9.06  0.21453
9.08  0.217393
9.1  0.219337
9.12  0.220353
9.14  0.22044
9.16  0.219606
9.18  0.217864
9.2  0.215237
9.22  0.211754
9.24  0.207454
9.26  0.202383
9.28  0.196593
9.3  0.190148
9.32  0.183117
9.34  0.175581
9.36  0.167627
9.38  0.15935
9.4  0.150857
9.42  0.142261
9.44  0.133681
9.46  0.125248
9.48  0.117095
9.5  0.109361
9.52  0.10219
9.54  0.0957242
9.56  0.0901023
9.58  0.0854553
9.6  0.0819001
9.62  0.079533
9.64  0.0784238
9.66  0.0786102
9.68  0.0800953
9.7  0.0828474
9.72  0.086803
9.74  0.0918719
9.76  0.0979432
9.78  0.104892
9.8  0.112584
9.82  0.120881
9.84  0.129645
9.86  0.138739
9.88  0.148031
9.9  0.157394
9.92  0.166707
9.94  0.175859
9.96  0.184745
9.98  0.193266
10  0.201335
10.02  0.208872
10.04  0.215804
10.06  0.222067
10.08  0.227607
10.1  0.232375
10.12  0.236333
10.14  0.239448
10.16  0.241696
10.18  0.24306
10.2  0.243532
10.22  0.24311
10.24  0.2418
10.26  0.239616
10.28  0.236581
10.3  0.232725
10.32  0.228087
10.34  0.222714
10.36  0.216662
10.38  0.209995
10.4  0.202786
10.42  0.195117
10.44  0.187079
10.46  0.17877
10.48  0.170298
10.5  0.161775
10.52  0.153324
10.54  0.145071
10.56  0.137145
10.58  0.129679
10.6  0.122806
10.62  0.116653
10.64  0.111342
10.66  0.106984
10.68  0.103671
10.7  0.101478
10.72  0.100455
10.74  0.100623
10.76  0.101978
10.78  0.104486
10.8  0.108089
10.82  0.112707
10.84  0.118243
10.86  0.124586
10.88  0.131615
10.9  0.139205
10.92  0.14723
10.94  0.155561
10.96  0.164075
10.98  0.172651
11  0.181174
11.02  0.189533
11.04  0.197626
11.06  0.205358
11.08  0.21264
11.1  0.219393
11.12  0.225542
11.14  0.231024
11.16  0.235783
11.18  0.239768
11.2  0.24294
11.22  0.245265
11.24  0.24672
11.26  0.247288
11.28  0.246959
11.3  0.245735
11.32  0.243623
11.34  0.240639
11.36  0.236808
11.38  0.232163
11.4  0.226746
11.42  0.220608
11.44  0.213807
11.46  0.206412
11.48  0.198498
11.5  0.190151
11.52  0.181463
11.54  0.172536
11.56  0.163477
11.58  0.154402
11.6  0.145431
11.62  0.136692
11.64  0.128313
11.66  0.120427
11.68  0.113165
11.7  0.106656
11.72  0.101021
11.74  0.0963697
11.76  0.0927982
11.78  0.0903805
11.8  0.0891664
11.82  0.0891781
11.84  0.0904082
11.86  0.0928207
11.88  0.0963528
11.9  0.100919
11.92  0.106415
11.94  0.112723
11.96  0.119717
11.98  0.127265
12  0.135234
12.02  0.14349
12.04  0.151904
12.06  0.160351
12.08  0.168711
12.1  0.176871
12.12  0.184726
12.14  0.192177
12.16  0.199135
12.18  0.205519
12.2  0.211256
12.22  0.216281
12.24  0.220538
12.26  0.223981
12.28  0.226571
12.3  0.228277
12.32  0.229078
12.34  0.22896
12.36  0.227918
12.38  0.225955
12.4  0.223082
12.42  0.219318
12.44  0.214691
12.46  0.209237
12.48  0.202998
12.5  0.196028
12.52  0.188386
12.54  0.180141
12.56  0.171371
12.58  0.16216
12.6  0.152602
12.62  0.142799
12.64  0.13286
12.66  0.122901
12.68  0.113049
12.7  0.103434
12.72  0.0941967
12.74  0.0854805
12.76  0.0774348
12.78  0.0702103
12.8  0.063956
12.82  0.0588135
12.84  0.0549093
12.86  0.0523456
12.88  0.0511906
12.9  0.0514709
12.92  0.0531675
12.94  0.0562182
12.96  0.0605242
12.98  0.0659592
13  0.0723793
13.02  0.0796312
13.04  0.0875581
13.06  0.0960043
13.08  0.104818
13.1  0.113854
13.12  0.122972
13.14  0.132043
13.16  0.140944
13.18  0.149562
13.2  0.157791
13.22  0.165536
13.24  0.17271
13.26  0.179237
13.28  0.185048
13.3  0.190083
13.32  0.194291
13.34  0.19763
13.36  0.200065
13.38  0.201572
13.4  0.202131
13.42  0.201734
13.44  0.200378
13.46  0.198068
13.48  0.194819
13.5  0.19065
13.52  0.185591
13.54  0.179678
13.56  0.172956
13.58  0.165475
13.6  0.157297
13.62  0.14849
13.64  0.13913
13.66  0.129301
13.68  0.119098
13.7  0.108622
13.72  0.0979819
13.74  0.0872973
13.76  0.076695
13.78  0.0663111
13.8  0.0562911
13.82  0.0467913
13.84  0.0379804
13.86  0.0300433
13.88  0.0231861
13.9  0.0176387
13.92  0.0136488
13.94  0.0114497
13.96  0.011188
13.98  0.0128563
14  0.0163035
14.02  0.021307
14.04  0.027632
14.06  0.035057
14.08  0.0433786
14.1  0.0524099
14.12  0.0619783
14.14  0.0719229
14.16  0.0820936
14.18  0.0923501
14.2  0.102561
14.22  0.112606
14.24  0.12237
14.26  0.13175
14.28  0.14065
14.3  0.148985
14.32  0.156675
14.34  0.163652
14.36  0.169854
14.38  0.175228
14.4  0.17973
14.42  0.183323
14.44  0.185978
14.46  0.187672
14.48  0.188393
14.5  0.188134
14.52  0.186897
14.54  0.18469
14.56  0.181529
14.58  0.17744
14.6  0.172453
14.62  0.16661
14.64  0.159959
14.66  0.152556
14.68  0.144466
14.7  0.135764
14.72  0.126531
14.74  0.116858
14.76  0.106847
14.78  0.0966042
14.8  0.0862488
14.82  0.0759068
14.84  0.0657135
14.86  0.0558137
14.88  0.0463618
14.9  0.0375233
14.92  0.0294767
14.94  0.0224167
14.96  0.0165587
14.98  0.012142
15  0.00942322
15.02  0.00863115
15.04  0.0098697
15.06  0.0130439
15.08  0.0179155
15.1  0.024213
15.12  0.0316884
15.14  0.0401251
15.16  0.0493319
15.18  0.0591354
15.2  0.0693759
15.22  0.0799047
15.24  0.0905824
15.26  0.101278
15.28  0.111871
15.3  0.122246
15.32  0.132297
15.34  0.141928
15.36  0.151049
15.38  0.159578
15.4  0.167443
15.42  0.174578
15.44  0.180926
15.46  0.186438
15.48  0.191072
15.5  0.194795
15.52  0.197582
15.54  0.199413
15.56  0.200279
15.58  0.200178
15.6  0.199116
15.62  0.197106
15.64  0.194169
15.66  0.190337
15.68  0.185648
15.7  0.180149
15.72  0.173895
15.74  0.166951
15.76  0.159391
15.78  0.151298
15.8  0.142762
15.82  0.133884
15.84  0.124774
15.86  0.115549
15.88  0.106337
15.9  0.0972724
15.92  0.088498
15.94  0.0801636
15.96  0.0724245
15.98  0.0654396
16  0.0593679
16.02  0.0543638
16.04  0.0505689
16.06  0.0481028
16.08  0.0470523
16.1  0.0474615
16.12  0.0493269
16.14  0.0525982
16.16  0.0571852
16.18  0.0629679
16.2  0.0698071
16.22  0.0775535
16.24  0.0860541
16.26  0.0951567
16.28  0.104713
16.3  0.114579
16.32  0.124618
16.34  0.1347
16.36  0.144703
16.38  0.154512
16.4  0.164019
16.42  0.173127
16.44  0.181745
16.46  0.189789
16.48  0.197188
16.5  0.203876
16.52  0.209796
16.54  0.214901
16.56  0.21915
16.58  0.222512
16.6  0.224964
16.62  0.226493
16.64  0.227091
16.66  0.22676
16.68  0.225511
16.7  0.223362
16.72  0.220339
16.74  0.216479
16.76  0.211824
16.78  0.206426
16.8  0.200346
16.82  0.193652
16.84  0.186421
16.86  0.178738
16.88  0.170697
16.9  0.162398
16.92  0.153949
16.94  0.145468
16.96  0.137074
16.98  0.128897
17  0.121067
17.02  0.113718
17.04  0.106985
17.06  0.101
17.08  0.0958883
17.1  0.0917648
17.12  0.0887295
17.14  0.0868612
17.16  0.086214
17.18  0.0868126
17.2  0.0886514
17.22  0.0916948
17.24  0.095879
17.26  0.101117
17.28  0.107302
17.3  0.114315
17.32  0.122027
17.34  0.130304
17.36  0.139012
17.38  0.148015
17.4  0.157183
17.42  0.166391
17.44  0.175517
17.46  0.18445
17.48  0.193083
17.5  0.20132
17.52  0.209071
17.54  0.216258
17.56  0.222808
17.58  0.228659
17.6  0.233758
17.62  0.238059
17.64  0.241525
17.66  0.24413
17.68  0.245852
17.7  0.246681
17.72  0.246614
17.74  0.245654
17.76  0.243815
17.78  0.241117
17.8  0.237587
17.82  0.233263
17.84  0.228188
17.86  0.222414
17.88  0.215999
17.9  0.209012
17.92  0.201528
17.94  0.193629
17.96  0.185408
17.98  0.176962
18  0.168398
18.02  0.159828
18.04  0.15137
18.06  0.143149
18.08  0.135293
18.1  0.12793
18.12  0.12119
18.14  0.115199
18.16  0.110077
18.18  0.105931
18.2  0.102855
18.22  0.100919
18.24  0.100172
18.26  0.100633
18.28  0.102293
18.3  0.105114
18.32  0.10903
18.34  0.113954
18.36  0.11978
18.38  0.126388
18.4  0.133651
18.42  0.141437
18.44  0.149613
18.46  0.158045
18.48  0.166606
18.5  0.175173
18.52  0.183629
18.54  0.191865
18.56  0.199778
18.58  0.207276
18.6  0.214274
18.62  0.220695
18.64  0.226472
18.66  0.231545
18.68  0.235862
18.7  0.239382
18.72  0.242071
18.74  0.2439
18.76  0.244851
18.78  0.244914
18.8  0.244085
18.82  0.242367
18.84  0.239773
18.86  0.236321
18.88  0.232039
18.9  0.226962
18.92  0.221131
18.94  0.214598
18.96  0.207422
18.98  0.19967
19  0.191419
19.02  0.182754
19.04  0.173767
19.06  0.16456
19.08  0.155244
19.1  0.145936
19.12  0.13676
19.14  0.127849
19.16  0.119337
19.18  0.111364
19.2  0.104069
19.22  0.0975884
19.24  0.0920526
19.26  0.0875784
19.28  0.0842642
19.3  0.082184
19.32  0.0813819
19.34  0.0818688
19.36  0.0836213
19.38  0.0865839
19.4  0.0906732
19.42  0.0957834
19.44  0.101792
19.46  0.108568
19.48  0.115972
19.5  0.123864
19.52  0.132107
19.54  0.140565
19.56  0.149109
19.58  0.157616
19.6  0.165971
19.62  0.174064
19.64  0.181796
19.66  0.189076
19.68  0.195818
19.7  0.201949
19.72  0.207401
19.74  0.212115
19.76  0.21604
19.78  0.219133
19.8  0.221359
19.82  0.222691
19.84  0.223109
19.86  0.222601
19.88  0.221165
19.9  0.218802
19.92  0.215526
19.94  0.211355
19.96  0.206319
19.98  0.200453
20  0.193802


