0.02  0.00147123
0.04  0.00507034
0.06  0.0103079
0.08  0.0168916
0.1  0.0245912
0.12  0.0332076
0.14  0.0425602
0.16  0.0524819
0.18  0.0628159
0.2  0.0734149
0.22  0.0841399
0.24  0.0948603
0.26  0.105454
0.28  0.115806
0.3  0.125812
0.32  0.135373
0.34  0.144401
0.36  0.152815
0.38  0.160543
0.4  0.16752
0.42  0.17369
0.44  0.179005
0.46  0.183426
0.48  0.186919
0.5  0.18946
0.52  0.191032
0.54  0.191625
0.56  0.191237
0.58  0.189874
0.6  0.18755
0.62  0.184286
0.64  0.180111
0.66  0.175063
0.68  0.169187
0.7  0.162537
0.72  0.155176
0.74  0.147176
0.76  0.138618
0.78  0.129591
0.8  0.120194
0.82  0.110534
0.84  0.100731
0.86  0.090909
0.88  0.0812056
0.9  0.0717661
0.92  0.0627459
0.94  0.0543106
0.96  0.0466352
0.98  0.039904
1  0.0343068
1.02  0.0300316
1.04  0.0272489
1.06  0.0260878
1.08  0.0266102
1.1  0.0287962
1.12  0.0325516
1.14  0.0377311
1.16  0.0441629
1.18  0.0516672
1.2  0.0600662
1.22  0.0691885
1.24  0.0788708
1.26  0.0889587
1.28  0.0993064
1.3  0.109777
1.32  0.120241
1.34  0.130579
1.36  0.140678
1.38  0.150436
1.4  0.159756
1.42  0.168551
1.44  0.176743
1.46  0.184261
1.48  0.191041
1.5  0.197029
1.52  0.202179
1.54  0.206453
1.56  0.20982
1.58  0.212257
1.6  0.213751
1.62  0.214295
1.64  0.213891
1.66  0.212548
1.68  0.210286
1.7  0.207129
1.72  0.203114
1.74  0.198284
1.76  0.192691
1.78  0.186396
1.8  0.179468
1.82  0.171987
1.84  0.164039
1.86  0.155722
1.88  0.147139
1.9  0.138404
1.92  0.129639
1.94  0.12097
1.96  0.112534
1.98  0.10447
2  0.0969213
2.02  0.0900334
2.04  0.083949
2.06  0.0788046
2.08  0.0747254
2.1  0.0718184
2.12  0.0701662
2.14  0.069821
2.16  0.0708005
2.18  0.0730868
2.2  0.0766283
2.22  0.0813443
2.24  0.0871307
2.26  0.0938669
2.28  0.101421
2.3  0.109656
2.32  0.118433
2.34  0.127612
2.36  0.137058
2.38  0.146641
2.4  0.156235
2.42  0.165723
2.44  0.174992
2.46  0.183939
2.48  0.192468
2.5  0.200491
2.52  0.20793
2.54  0.214714
2.56  0.220781
2.58  0.226076
2.6  0.230557
2.62  0.234185
2.64  0.236934
2.66  0.238784
2.68  0.239724
2.7  0.239751
2.72  0.238871
2.74  0.237098
2.76  0.234454
2.78  0.230969
2.8  0.226681
2.82  0.221639
2.84  0.215896
2.86  0.209517
2.88  0.202571
2.9  0.19514
2.92  0.187309
2.94  0.179173
2.96  0.170835
2.98  0.162404
3  0.153995
3.02  0.14573
3.04  0.137733
3.06  0.130133
3.08  0.123061
3.1  0.116643
3.12  0.111003
3.14  0.106258
3.16  0.102511
3.18  0.0998474
3.2  0.0983335
3.22  0.0980094
3.24  0.0988883
3.26  0.100955
3.28  0.104166
3.3  0.108453
3.32  0.113728
3.34  0.119885
3.36  0.126803
3.38  0.134358
3.4  0.142418
3.42  0.15085
3.44  0.159524
3.46  0.168313
3.48  0.177093
3.5  0.185749
3.52  0.194171
3.54  0.202258
3.56  0.209917
3.58  0.217062
3.6  0.223618
3.62  0.229518
3.64  0.234701
3.66  0.239119
3.68  0.24273
3.7  0.245501
3.72  0.247407
3.74  0.248431
3.76  0.248565
3.78  0.24781
3.8  0.246171
3.82  0.243664
3.84  0.240313
3.86  0.236148
3.88  0.231209
3.9  0.225542
3.92  0.219199
3.94  0.212242
3.96  0.204741
3.98  0.196774
4  0.188427
4.02  0.179794
4.04  0.170976
4.06  0.162082
4.08  0.153229
4.1  0.144538
4.12  0.136136
4.14  0.128155
4.16  0.120727
4.18  0.113982
4.2  0.108048
4.22  0.103043
4.24  0.0990737
4.26  0.0962262
4.28  0.094565
4.3  0.0941266
4.32  0.0949179
4.34  0.0969148
4.36  0.100064
4.38  0.104288
4.4  0.109485
4.42  0.115541
4.44  0.12233
4.46  0.129717
4.48  0.137568
4.5  0.145748
4.52  0.154126
4.54  0.162573
4.56  0.170969
4.58  0.1792
4.6  0.18716
4.62  0.194749
4.64  0.201878
4.66  0.208465
4.68  0.214437
4.7  0.21973
4.72  0.224288
4.74  0.228062
4.76  0.231013
4.78  0.233108
4.8  0.234324
4.82  0.234644
4.84  0.234059
4.86  0.232569
4.88  0.230179
4.9  0.226905
4.92  0.222766
4.94  0.217795
4.96  0.212028
4.98  0.205511
5  0.198298
5.02  0.190453
5.04  0.182047
5.06  0.173161
5.08  0.163884
5.1  0.154314
5.12  0.144557
5.14  0.134731
5.16  0.124958
5.18  0.115371
5.2  0.106108
5.22  0.0973134
5.24  0.0891362
5.26  0.0817258
5.28  0.0752296
5.3  0.069787
5.32  0.065523
5.34  0.0625399
5.36  0.0609091
5.38  0.0606644
5.4  0.0617987
5.42  0.0642647
5.44  0.0679796
5.46  0.072833
5.48  0.0786944
5.5  0.0854215
5.52  0.0928657
5.54  0.100878
5.56  0.10931
5.58  0.11802
5.6  0.126871
5.62  0.135734
5.64  0.144486
5.66  0.153013
5.68  0.161211
5.7  0.168981
5.72  0.176236
5.74  0.182895
5.76  0.188887
5.78  0.194147
5.8  0.19862
5.82  0.20226
5.84  0.205026
5.86  0.206887
5.88  0.207819
5.9  0.207807
5.92  0.206843
5.94  0.204926
5.96  0.202064
5.98  0.198274
6  0.193579
6.02  0.188012
6.04  0.181613
6.06  0.174432
6.08  0.166525
6.1  0.157961
6.12  0.148813
6.14  0.139167
6.16  0.129113
6.18  0.118755
6.2  0.1082
6.22  0.0975693
6.24  0.0869883
6.26  0.0765936
6.28  0.0665309
6.3  0.0569563
6.32  0.0480363
6.34  0.0399469
6.36  0.0328748
6.38  0.0270168
6.4  0.0225718
6.42  0.0197209
6.44  0.0185938
6.46  0.0192339
6.48  0.0215848
6.5  0.0255102
6.52  0.0308284
6.54  0.0373426
6.56  0.0448576
6.58  0.0531868
6.6  0.0621546
6.62  0.0715964
6.64  0.0813574
6.66  0.0912927
6.68  0.101267
6.7  0.111152
6.72  0.12083
6.74  0.130192
6.76  0.139135
6.78  0.147567
6.8  0.155403
6.82  0.162566
6.84  0.16899
6.86  0.174614
6.88  0.179386
6.9  0.183265
6.92  0.186214
6.94  0.188208
6.96  0.189227
6.98  0.189261
7  0.188308
7.02  0.186373
7.04  0.18347
7.06  0.17962
7.08  0.174855
7.1  0.169211
7.12  0.162736
7.14  0.155484
7.16  0.147517
7.18  0.138908
7.2  0.129735
7.22  0.120086
7.24  0.110056
7.26  0.0997501
7.28  0.0892789
7.3  0.0787622
7.32  0.0683275
7.34  0.0581101
7.36  0.0482542
7.38  0.038913
7.4  0.0302504
7.42  0.0224445
7.44  0.0156922
7.46  0.0102197
7.48  0.00629695
7.5  0.00424533
7.52  0.00435859
7.54  0.00666797
7.56  0.010887
7.58  0.0166627
7.6  0.0237054
7.62  0.0317851
7.64  0.0407069
7.66  0.0502956
7.68  0.0603895
7.7  0.0708368
7.72  0.0814947
7.74  0.092228
7.76  0.10291
7.78  0.11342
7.8  0.123649
7.82  0.133491
7.84  0.142853
7.86  0.151647
7.88  0.159794
7.9  0.167226
7.92  0.17388
7.94  0.179703
7.96  0.184652
7.98  0.18869
8  0.191788
8.02  0.193927
8.04  0.195097
8.06  0.195292
8.08  0.194517
8.1  0.192785
8.12  0.190115
8.14  0.186537
8.16  0.182084
8.18  0.176803
8.2  0.170744
8.22  0.163967
8.24  0.156542
8.26  0.148544
8.28  0.140059
8.3  0.131181
8.32  0.122011
8.34  0.112661
8.36  0.103249
8.38  0.0939055
8.4  0.0847662
8.42  0.0759766
8.44  0.0676905
8.46  0.0600683
8.48  0.053276
8.5  0.0474813
8.52  0.0428479
8.54  0.0395262
8.56  0.03764
8.58  0.0372721
8.6  0.0384519
8.62  0.0411503
8.64  0.0452851
8.66  0.0507332
8.68  0.0573455
8.7  0.0649599
8.72  0.0734102
8.74  0.082532
8.76  0.0921659
8.78  0.102159
8.8  0.112367
8.82  0.122653
8.84  0.132888
8.86  0.142954
8.88  0.15274
8.9  0.162143
8.92  0.171073
8.94  0.179444
8.96  0.187184
8.98  0.194225
9  0.200511
9.02  0.205993
9.04  0.210631
9.06  0.214394
9.08  0.217256
9.1  0.219202
9.12  0.220224
9.14  0.22032
9.16  0.219498
9.18  0.217773
9.2  0.215165
9.22  0.211706
9.24  0.207433
9.26  0.202392
9.28  0.196636
9.3  0.190228
9.32  0.183238
9.34  0.175746
9.36  0.167838
9.38  0.159612
9.4  0.151171
9.42  0.142629
9.44  0.134106
9.46  0.125729
9.48  0.117633
9.5  0.109955
9.52  0.102838
9.54  0.096421
9.56  0.0908422
9.58  0.0862299
9.6  0.0826988
9.62  0.0803433
9.64  0.079232
9.66  0.0794024
9.68  0.0808581
9.7  0.0835692
9.72  0.0874744
9.74  0.092486
9.76  0.0984955
9.78  0.10538
9.8  0.113007
9.82  0.121239
9.84  0.12994
9.86  0.138973
9.88  0.148206
9.9  0.157514
9.92  0.166776
9.94  0.175879
9.96  0.18472
9.98  0.193201
10  0.201233
10.02  0.208737
10.04  0.215641
10.06  0.22188
10.08  0.2274
10.1  0.232153
10.12  0.236101
10.14  0.23921
10.16  0.241458
10.18  0.242827
10.2  0.243307
10.22  0.242898
10.24  0.241605
10.26  0.239443
10.28  0.236433
10.3  0.232607
10.32  0.228003
10.34  0.222667
10.36  0.216657
10.38  0.210035
10.4  0.202876
10.42  0.195259
10.44  0.187277
10.46  0.179026
10.48  0.170613
10.5  0.162153
10.52  0.153764
10.54  0.145573
10.56  0.137709
10.58  0.130302
10.6  0.123483
10.62  0.11738
10.64  0.112112
10.66  0.107787
10.68  0.104497
10.7  0.102316
10.72  0.101292
10.74  0.101448
10.76  0.102779
10.78  0.105252
10.8  0.108811
10.82  0.113377
10.84  0.118856
10.86  0.125137
10.88  0.132102
10.9  0.139628
10.92  0.147587
10.94  0.155855
10.96  0.164307
10.98  0.172824
11  0.181289
11.02  0.189596
11.04  0.19764
11.06  0.205326
11.08  0.212568
11.1  0.219284
11.12  0.225401
11.14  0.230857
11.16  0.235593
11.18  0.23956
11.2  0.24272
11.22  0.245038
11.24  0.24649
11.26  0.24706
11.28  0.246739
11.3  0.245527
11.32  0.243432
11.34  0.24047
11.36  0.236666
11.38  0.232053
11.4  0.226672
11.42  0.220574
11.44  0.213818
11.46  0.206472
11.48  0.198612
11.5  0.190321
11.52  0.181692
11.54  0.172827
11.56  0.163831
11.58  0.154821
11.6  0.145916
11.62  0.137242
11.64  0.128928
11.66  0.121105
11.68  0.113902
11.7  0.107447
11.72  0.10186
11.74  0.0972487
11.76  0.0937071
11.78  0.0913079
11.8  0.0900999
11.82  0.0901047
11.84  0.0913151
11.86  0.0936958
11.88  0.0971855
11.9  0.1017
11.92  0.107138
11.94  0.113383
11.96  0.12031
11.98  0.12779
12  0.135691
12.02  0.14388
12.04  0.152229
12.06  0.160613
12.08  0.168914
12.1  0.17702
12.12  0.184824
12.14  0.19223
12.16  0.199148
12.18  0.205497
12.2  0.211203
12.22  0.216203
12.24  0.220441
12.26  0.223869
12.28  0.22645
12.3  0.228152
12.32  0.228953
12.34  0.228841
12.36  0.22781
12.38  0.225861
12.4  0.223008
12.42  0.219268
12.44  0.214668
12.46  0.209245
12.48  0.203042
12.5  0.19611
12.52  0.18851
12.54  0.180311
12.56  0.171589
12.58  0.16243
12.6  0.152927
12.62  0.143182
12.64  0.133302
12.66  0.123406
12.68  0.113617
12.7  0.104068
12.72  0.0948955
12.74  0.0862446
12.76  0.078263
12.78  0.0711002
12.8  0.0649031
12.82  0.0598106
12.84  0.055946
12.86  0.0534081
12.88  0.0522624
12.9  0.0525335
12.92  0.0542026
12.94  0.0572091
12.96  0.0614572
12.98  0.0668242
13  0.0731697
13.02  0.0803435
13.04  0.0881914
13.06  0.0965597
13.08  0.105298
13.1  0.114262
13.12  0.123314
13.14  0.132322
13.16  0.141166
13.18  0.149733
13.2  0.157916
13.22  0.165622
13.24  0.172763
13.26  0.179262
13.28  0.185051
13.3  0.19007
13.32  0.194267
13.34  0.197601
13.36  0.200036
13.38  0.201548
13.4  0.202118
13.42  0.201736
13.44  0.200399
13.46  0.198113
13.48  0.194892
13.5  0.190755
13.52  0.185731
13.54  0.179856
13.56  0.173175
13.58  0.165738
13.6  0.157605
13.62  0.148846
13.64  0.139534
13.66  0.129756
13.68  0.119603
13.7  0.109177
13.72  0.0985866
13.74  0.0879509
13.76  0.0773964
13.78  0.0670589
13.8  0.0570842
13.82  0.0476289
13.84  0.0388634
13.86  0.0309755
13.88  0.0241735
13.9  0.0186859
13.92  0.0147512
13.94  0.0125846
13.96  0.0123141
13.98  0.0139287
14  0.0172904
14.02  0.0221929
14.04  0.0284129
14.06  0.0357349
14.08  0.0439586
14.1  0.0528982
14.12  0.0623815
14.14  0.072248
14.16  0.0823476
14.18  0.0925398
14.2  0.102694
14.22  0.112687
14.24  0.122407
14.26  0.13175
14.28  0.140619
14.3  0.148929
14.32  0.156601
14.34  0.163566
14.36  0.169762
14.38  0.175136
14.4  0.179643
14.42  0.183246
14.44  0.185916
14.46  0.187631
14.48  0.188377
14.5  0.188148
14.52  0.186945
14.54  0.184775
14.56  0.181656
14.58  0.177611
14.6  0.172672
14.62  0.166879
14.64  0.16028
14.66  0.152931
14.68  0.144897
14.7  0.136251
14.72  0.127075
14.74  0.11746
14.76  0.107505
14.78  0.097318
14.8  0.0870171
14.82  0.0767277
14.84  0.0665847
14.86  0.0567321
14.88  0.0473239
14.9  0.0385245
14.92  0.0305113
14.94  0.0234765
14.96  0.0176308
14.98  0.0132049
15  0.0104404
15.02  0.00955154
15.04  0.010646
15.06  0.0136584
15.08  0.0183798
15.1  0.0245502
15.12  0.03192
15.14  0.040267
15.16  0.0493952
15.18  0.059129
15.2  0.0693074
15.22  0.079781
15.24  0.0904101
15.26  0.101064
15.28  0.111621
15.3  0.121966
15.32  0.131995
15.34  0.141609
15.36  0.150719
15.38  0.159244
15.4  0.16711
15.42  0.174251
15.44  0.180612
15.46  0.186141
15.48  0.190798
15.5  0.194548
15.52  0.197366
15.54  0.199234
15.56  0.200141
15.58  0.200084
15.6  0.199069
15.62  0.19711
15.64  0.194227
15.66  0.190452
15.68  0.185821
15.7  0.180381
15.72  0.174189
15.74  0.167307
15.76  0.15981
15.78  0.151778
15.8  0.143304
15.82  0.134486
15.84  0.125433
15.86  0.116264
15.88  0.107103
15.9  0.0980842
15.92  0.0893499
15.94  0.0810477
15.96  0.0733313
15.98  0.0663576
16  0.0602832
16.02  0.0552599
16.04  0.0514273
16.06  0.0489038
16.08  0.0477767
16.1  0.0480925
16.12  0.0498519
16.14  0.05301
16.16  0.0574818
16.18  0.0631517
16.2  0.069884
16.22  0.0775313
16.24  0.0859418
16.26  0.0949638
16.28  0.104449
16.3  0.114253
16.32  0.12424
16.34  0.13428
16.36  0.144249
16.38  0.154032
16.4  0.163522
16.42  0.172621
16.44  0.181236
16.46  0.189285
16.48  0.196694
16.5  0.203399
16.52  0.209341
16.54  0.214473
16.56  0.218754
16.58  0.222154
16.6  0.224648
16.62  0.226222
16.64  0.226869
16.66  0.226591
16.68  0.225398
16.7  0.223307
16.72  0.220345
16.74  0.216547
16.76  0.211956
16.78  0.206623
16.8  0.200608
16.82  0.193978
16.84  0.18681
16.86  0.179189
16.88  0.171208
16.9  0.162965
16.92  0.15457
16.94  0.146136
16.96  0.137786
16.98  0.129645
17  0.121843
17.02  0.114515
17.04  0.107793
17.06  0.101808
17.08  0.0966839
17.1  0.0925364
17.12  0.089464
17.14  0.0875461
17.16  0.086837
17.18  0.0873633
17.2  0.0891212
17.22  0.0920774
17.24  0.096171
17.26  0.101317
17.28  0.107413
17.3  0.114339
17.32  0.12197
17.34  0.130172
17.36  0.138811
17.38  0.147754
17.4  0.15687
17.42  0.166034
17.44  0.175126
17.46  0.184031
17.48  0.192646
17.5  0.200873
17.52  0.208621
17.54  0.215812
17.56  0.222373
17.58  0.228242
17.6  0.233364
17.62  0.237694
17.64  0.241195
17.66  0.243838
17.68  0.245604
17.7  0.246481
17.72  0.246465
17.74  0.245559
17.76  0.243777
17.78  0.241138
17.8  0.23767
17.82  0.233409
17.84  0.228396
17.86  0.222685
17.88  0.216333
17.9  0.209408
17.92  0.201984
17.94  0.194143
17.96  0.185978
17.98  0.177584
18  0.169068
18.02  0.160542
18.04  0.152123
18.06  0.143935
18.08  0.136105
18.1  0.12876
18.12  0.12203
18.14  0.11604
18.16  0.110909
18.18  0.106743
18.2  0.103635
18.22  0.101656
18.24  0.100856
18.26  0.101255
18.28  0.102844
18.3  0.105587
18.32  0.109422
18.34  0.114263
18.36  0.120007
18.38  0.126537
18.4  0.133726
18.42  0.141444
18.44  0.149558
18.46  0.157937
18.48  0.166452
18.5  0.174981
18.52  0.183407
18.54  0.191621
18.56  0.19952
18.58  0.207011
18.6  0.214009
18.62  0.220436
18.64  0.226226
18.66  0.231317
18.68  0.235659
18.7  0.239209
18.72  0.241931
18.74  0.243799
18.76  0.244792
18.78  0.244901
18.8  0.244121
18.82  0.242455
18.84  0.239914
18.86  0.236518
18.88  0.232294
18.9  0.227274
18.92  0.221502
18.94  0.215027
18.96  0.207908
18.98  0.200213
19  0.192017
19.02  0.183404
19.04  0.174467
19.06  0.165308
19.08  0.156034
19.1  0.146765
19.12  0.137623
19.14  0.12874
19.16  0.120249
19.18  0.11229
19.2  0.105002
19.22  0.0985185
19.24  0.0929696
19.26  0.088471
19.28  0.0851208
19.3  0.082993
19.32  0.0821325
19.34  0.0825516
19.36  0.0842292
19.38  0.0871121
19.4  0.0911197
19.42  0.0961486
19.44  0.102079
19.46  0.10878
19.48  0.116116
19.5  0.123947
19.52  0.132135
19.54  0.140547
19.56  0.149053
19.58  0.157529
19.6  0.165861
19.62  0.173939
19.64  0.181663
19.66  0.188942
19.68  0.19569
19.7  0.201833
19.72  0.207302
19.74  0.212039
19.76  0.215991
19.78  0.219117
19.8  0.221379
19.82  0.222751
19.84  0.223213
19.86  0.222751
19.88  0.221363
19.9  0.21905
19.92  0.215826
19.94  0.211708
19.96  0.206724
19.98  0.200911
20  0.194313


